-599.681	0.038686
-599.312	0.0302732
-598.945	0.00504495
-598.576	0.0302656
-598.206	0.0302608
-597.839	0.0134468
-597.47	0.0134444
-597.103	-0.00336057
-596.733	0.00503978
-596.364	0.0134352
-595.997	0.0302188
-595.628	-0.00335657
-595.261	0.00503351
-594.891	0.0301965
-594.525	0.0218067
-594.155	0.0301921
-593.788	0.0134177
-593.419	0.0134163
-593.05	0.0217987
-592.683	0.0134126
-592.314	0.0385562
-591.947	0.0217901
-591.578	-0.0117322
-591.211	0.0134068
-590.842	-0.0117285
-590.475	-0.0117257
-590.106	0.00502464
-589.739	0.0301453
-589.37	0.0217701
-589.004	0.00502338
-588.635	-0.0033486
-588.268	0.00502232
-587.899	0.0133885
-587.532	0.0301129
-587.166	0.0301023
-586.797	0.0635297
-586.43	0.0300858
-586.061	0.0133686
-585.694	-0.0116948
-585.326	0.0300649
-584.959	0.0300511
-584.59	0.030044
-584.224	0.046729
-583.857	0.0133508
-583.488	0.0216953
-583.122	-0.0450603
-582.753	0.0216945
-582.386	-0.0116819
-582.02	0.0133521
-581.651	0.00500755
-581.285	0.0133549
-580.918	0.00500865
-580.55	0.0133582
-580.183	0.0300608
-579.815	0.0133626
-579.448	0.0384159
-579.082	0.0467625
-578.713	0.00500966
-578.347	0.00500828
-577.98	0.0383896
-577.612	-0.00333738
-577.246	0.0300277
-576.879	-0.00333578
-576.511	0.013341
-576.144	0.0133394
-575.778	0.0300112
-575.41	0.0216745
-575.044	-0.0200074
-574.677	0.0133371
-574.311	0.0133363
-573.943	-0.00333397
-573.577	0.0466733
-573.21	0.00500013
-572.842	0.00499947
-572.476	0.0133302
-572.11	-0.0116628
-571.744	0.0383188
-571.375	0.00499791
-571.009	0.013327
-570.643	0.0549701
-570.277	0.00499703
-569.909	-0.00331703
-569.543	0.0216788
-569.177	0.0466691
-568.811	-0.00327364
-568.445	0.0217158
-568.077	0.0134042
-567.711	0.0134178
-567.345	0.0384039
-566.979	0.0217697
-566.613	0.0384322
-566.245	0.0217989
-565.879	0.0134894
-565.513	0.0218298
-565.147	0.0301732
-564.781	0.00520875
-564.416	0.0218818
-564.048	-0.00309159
-563.682	0.0552331
-563.316	0.0385863
-562.95	0.021939
-562.585	0.0219504
-562.219	0.0386151
-561.853	-0.00300502
-561.485	0.0219816
-561.12	0.0303142
-560.754	0.0220018
-560.388	-0.0112652
-560.023	0.00538647
-559.657	0.0220314
-559.291	0.0303553
-558.926	0.0386758
-558.56	0.0054389
-558.195	0.0137611
-557.829	-0.00284236
-557.461	0.0220922
-557.096	0.0304104
-556.73	0.00550648
-556.365	0.00552045
-555.999	0.0304502
-555.634	0.0553793
-555.268	0.00556282
-554.903	0.0055772
-554.537	0.047122
-554.172	0.0471381
-553.806	-0.0026864
-553.441	0.0222464
-553.076	0.0222587
-552.71	0.013966
-552.345	0.0222824
-551.98	0.00568856
-551.614	0.0389098
-551.249	0.0223185
-550.884	0.00572979
-550.518	0.0223446
-550.153	0.0389581
-549.788	0.038971
-549.423	0.0140853
-549.057	0.0306982
-548.692	0.0224125
-548.327	0.0224265
-547.962	-0.0356546
-547.599	0.0390546
-547.234	0.00587064
-546.869	0.00588501
-546.503	-0.0190026
-546.138	0.0142148
-545.773	0.0142293
-545.408	0.0308457
-545.043	0.0308584
-544.678	0.0142703
-544.313	0.0225842
-543.948	0.0225985
-543.585	-0.0105886
-543.22	0.014328
-542.855	0.0060416
-542.49	0.0392683
-542.125	0.0309827
-541.76	-0.0188282
-541.395	0.0310147
-541.033	0.00611415
-540.668	-0.010482
-540.303	0.0144474
-539.938	0.0144612
-539.573	0.00617022
-539.208	-0.00211972
-538.846	0.0145003
-538.481	0.0145125
-538.116	0.00622411
-537.751	0.0311292
-537.386	0.00624864
-537.024	0.0394191
-536.659	0.0394193
-536.294	0.0477067
-535.93	0.0311459
-535.565	0.0145929
-535.203	0.0311661
-534.838	0.00633946
-534.473	0.0477561
-534.109	0.0146491
-533.746	-0.0184607
-533.382	0.0146778
-533.017	0.0312545
-532.652	0.0147064
-532.29	0.0395657
-531.925	0.0478643
-531.561	0.0147513
-531.199	0.047903
-530.834	0.0230679
-530.469	0.0313705
-530.105	0.0148137
-529.743	0.0231154
-529.378	0.0479917
-529.014	0.031431
-528.652	0.039732
-528.287	0.0148856
-527.923	0.0397652
-527.561	0.0314943
-527.196	0.0149321
-526.832	-0.00163381
-526.47	0.0315452
-526.105	0.0149776
-525.741	0.0398672
-525.379	0.00671385
-525.015	0.0233094
-524.653	0.0316112
-524.288	0.0233326
-523.924	0.0150561
-523.562	0.0565043
-523.198	0.0399412
-522.836	0.0150956
-522.472	0.0233942
-522.107	0.0399759
-521.745	0.097972
-521.381	0.0482781
-521.019	0.0317213
-520.655	0.00689065
-520.291	0.0317411
-519.929	0.0400326
-519.565	0.00693263
-519.203	0.0235064
-518.839	0.0152413
-518.477	-0.00130427
-518.113	0.056667
-517.752	0.0401205
-517.388	0.0152961
-517.026	0.00703111
-516.662	0.00704484
-516.3	0.023612
-515.936	0.0153478
-515.574	0.0153602
-515.21	0.0319195
-514.849	0.0484739
-514.485	0.0236682
-514.123	0.02368
-513.759	0.0154221
-513.398	0.048502
-513.034	0.0154442
-512.672	0.0154556
-512.308	0.0154674
-511.947	0.0320017
-511.583	0.0154928
-511.222	0.0568064
-510.858	0.0403007
-510.496	0.0320559
-510.135	0.0403325
-509.771	0.0155652
-509.41	0.0321043
-509.046	0.0155952
-508.684	0.00734709
-508.323	0.0404131
-507.959	0.0073754
-507.598	0.0404408
-507.234	0.040455
-506.873	0.0404694
-506.512	0.0156948
-506.148	0.0404977
-505.787	0.0405121
-505.423	0.0405257
-505.062	0.0570609
-504.7	0.0488049
-504.337	0.0488095
-503.976	0.0240428
-503.614	0.0323104
-503.251	0.0570888
-502.89	0.0488453
-502.529	0.0406043
-502.165	0.0488752
-501.804	0.0158675
-501.443	0.0241385
-501.082	0.0241532
-500.718	0.0489371
-500.357	0.0406934
-499.996	0.0489609
-499.633	0.0407166
-499.272	0.0324738
-498.91	0.0242327
-498.549	0.0490096
-498.186	0.0407686
-497.825	0.040782
-497.464	0.0573024
-497.101	0.0325544
-496.74	0.0573263
-496.379	0.0408324
-496.018	0.0243404
-495.657	0.0491094
-495.294	0.0408749
-494.933	0.0491398
-494.572	0.0243947
-494.211	0.0326566
-493.848	0.0326669
-493.487	0.0409247
-493.126	0.0409321
-492.765	0.0409399
-492.404	0.0409486
-492.044	0.0409602
-491.681	0.0327316
-491.32	0.0162591
-490.959	0.0327654
-490.598	0.0410303
-490.238	0.0163068
-489.877	0.041071
-489.514	0.049344
-489.153	0.0328637
-488.792	0.0659222
-488.432	0.0246574
-488.071	0.0494611
-487.71	0.0329514
-487.35	0.0577494
-486.989	0.00819425
-486.626	0.0247278
-486.266	0.0412526
-485.905	0.0247449
-485.545	0.0330092
-485.184	0.0330179
-484.824	0.0330264
-484.463	0.0495338
-484.103	0.0330436
-483.742	0.0412982
-483.382	0.0660411
-483.021	0.0495602
-482.661	0.00835366
-482.3	0.066075
-481.94	0.0331145
-481.577	0.0496202
-481.217	0.0249035
-480.856	0.049667
-480.496	0.0166908
-480.135	0.0414505
-479.775	0.0744468
-479.415	0.0497087
-479.054	0.0332246
-478.694	0.0497121
-478.334	0.0661876
-477.974	0.0744139
-477.613	0.03324
-477.253	0.0167847
-476.893	0.0414663
-476.533	0.0414616
-476.175	0.041458
-475.814	0.0496704
-475.454	0.0660903
-475.094	0.0168377
-474.734	0.0332628
-474.374	0.0496839
-474.014	0.0496991
-473.654	0.0333045
-473.293	0.0497314
-472.933	0.0169185
-472.573	0.0333427
-472.213	0.0497663
-471.853	0.0251645
-471.493	0.0580004
-471.135	0.0251949
-470.775	0.0416238
-470.415	0.0416419
-470.055	0.0662853
-469.695	0.0498882
-469.335	0.0334876
-468.975	0.0745611
-468.618	0.0417359
-468.258	0.0417564
-467.898	0.0335614
-467.538	0.050012
-467.178	0.0582472
-466.818	0.082916
-466.458	0.0254087
-466.101	0.0500734
-465.741	0.0336509
-465.381	0.0665232
-465.021	0.0583127
-464.662	0.058315
-464.304	0.0501051
-463.944	0.0583126
-463.585	0.041899
-463.225	0.0418992
-462.865	0.0337068
-462.508	0.0501163
-462.148	0.0583195
-461.788	0.0173413
-461.429	0.0501309
-461.071	0.041943
-460.712	0.0337569
-460.352	0.0665172
-459.992	0.041953
-459.635	0.0255879
-459.276	0.0582974
-458.916	0.0501147
-458.559	0.0501156
-458.199	0.0256126
-457.84	0.0419682
-457.48	0.0501521
-457.123	0.0419952
-456.763	0.0338354
-456.404	0.0583588
-456.047	0.0583746
-455.687	0.0502237
-455.328	0.0584191
-454.971	0.058453
-454.611	0.058474
-454.252	0.0257852
-453.895	0.0339777
-453.535	0.0421659
-453.176	0.0421741
-452.819	0.0585334
-452.46	0.0176721
-452.103	0.0422028
-451.743	0.0340429
-451.384	0.0422269
-451.027	0.050409
-450.668	0.0422479
-450.311	0.042258
-449.951	0.0177634
-449.592	0.0504489
-449.235	0.0422945
-448.876	0.0341405
-448.519	0.0341545
-448.16	0.0423369
-447.801	0.0260155
-447.444	0.0260297
-447.085	0.0668824
-446.728	0.050559
-446.369	0.0424035
-446.012	0.0424142
-445.653	0.0750847
-445.296	0.0750883
-444.937	0.0506023
-444.58	0.0342848
-444.221	0.0342916
-443.865	0.0669251
-443.506	0.050615
-443.149	0.034314
-442.79	0.0506278
-442.433	0.0424856
-442.074	0.0343461
-441.718	0.0588086
-441.359	0.0425222
-441.002	0.0588366
-440.643	0.00180143
-440.286	0.0507196
-439.928	0.0425852
-439.571	0.0426006
-439.212	0.0344623
-438.856	0.0507746
-438.499	0.0752313
-438.14	0.0589381
-437.784	0.0507958
-437.425	0.018221
-437.069	0.0345201
-436.71	0.0345291
-436.353	0.0426796
-435.997	0.0589678
-435.638	0.0671137
-435.282	0.0345695
-434.923	0.067128
-434.567	0.0427278
-434.21	0.0346032
-433.852	-0.00605839
-433.495	0.0346269
-433.139	0.0509061
-432.78	0.0346511
-432.424	0.0671904
-432.068	0.042803
-431.709	0.0590717
-431.353	0.0509513
-430.997	0.0509617
-430.638	0.0591015
-430.282	0.0184759
-429.926	0.0591291
-429.567	0.0347611
-429.211	0.0591634
-428.855	0.0591815
-428.496	0.0510697
-428.14	0.0429561
-427.784	0.0348405
-427.428	0.026724
-427.069	0.0592591
-426.713	0.0592715
-426.357	0.059283
-426.001	0.0674226
-425.643	0.0593036
-425.287	0.0268033
-424.931	0.0755903
-424.575	0.0512186
-424.216	0.0674881
-423.86	0.0674963
-423.504	0.0512453
-423.148	0.0512432
-422.79	0.0350037
-422.434	0.0350149
-422.078	0.0675044
-421.722	0.0350388
-421.366	0.0512879
-421.008	0.0350636
-420.652	0.0431929
-420.296	0.0675541
-419.941	0.0269829
-419.585	0.0351107
-419.229	0.0675835
-418.871	0.0675987
-418.515	0.08385
-418.159	0.0351723
-417.803	0.0189563
-417.448	0.0514454
-417.092	0.0676841
-416.736	0.0433343
-416.378	0.0514399
-416.022	0.0595276
-415.667	0.035211
-415.311	0.0514089
-414.955	0.0514148
-414.6	0.0514565
-414.244	0.0352861
-413.888	0.0434187
-413.533	0.0758951
-413.177	0.0596497
-412.822	0.0353356
-412.466	0.0272468
-412.108	0.0272625
-411.753	0.0678023
-411.397	0.0516119
-411.042	0.0354176
-410.686	0.0759677
-410.331	0.0516632
-409.975	0.0354663
-409.62	0.0598075
-409.264	0.0517112
-408.909	0.0517205
-408.553	0.0436224
-408.198	0.0274198
-407.842	0.0598398
-407.487	0.0436408
-407.132	0.0517507
-406.776	0.084161
-406.421	0.0193779
-406.065	0.03559
-405.71	0.0518002
-405.355	0.0194183
-405	0.0680126
-404.644	0.0356328
-404.289	0.0518412
-403.934	0.0437659
-403.581	0.0599947
-403.225	0.0114081
-402.87	0.068161
-402.515	0.0519712
-402.16	0.0438812
-401.805	0.0601091
-401.449	0.0439076
-401.094	0.0439191
-400.739	0.043922
-400.384	0.0196243
-400.029	0.0520498
-399.676	0.0601652
-399.321	0.011563
-398.966	0.035883
-398.611	0.0358958
-398.256	0.0440098
-397.901	0.0359212
-397.546	0.0683354
-397.193	0.0278463
-396.838	0.0359588
-396.483	0.0197731
-396.128	0.0359831
-395.773	0.0278972
-395.418	0.0522009
-395.065	0.027922
-394.71	0.0441262
-394.355	0.0522329
-394	0.0441509
-393.646	0.0198798
-393.293	0.0441793
-392.938	0.0522889
-392.583	0.060398
-392.228	0.0361257
-391.874	0.0685162
-391.521	0.0442455
-391.166	0.0604461
-390.811	0.0280845
-390.457	0.0604749
-390.104	0.0200202
-389.749	0.052416
-389.395	0.0443404
-389.042	0.052456
-388.687	0.0443744
-388.333	0.0686811
-387.978	0.0120124
-387.626	0.0525121
-387.271	0.028234
-386.916	0.0444397
-386.564	0.0444522
-386.209	0.0768492
-385.855	0.0282878
-385.502	0.0444932
-385.148	0.0283148
-384.793	0.0526113
-384.441	0.0121517
-384.086	0.0364452
-383.732	0.0526425
-383.38	0.0364698
-383.025	0.0445745
-382.671	0.052679
-382.318	0.0203266
-381.964	0.0446153
-381.61	0.0608136
-381.257	0.0365538
-380.903	0.0446586
-380.551	0.0527452
-380.196	0.0446531
-379.842	0.028485
-379.49	0.0446315
-379.136	0.0527163
-378.783	0.052739
-378.429	0.0204585
-378.077	0.0689633
-377.723	0.0204977
-377.368	0.060934
-377.016	0.060938
-376.662	0.0286206
-376.31	0.0205522
-375.956	0.0205676
-375.604	0.0690925
-375.25	0.0610268
-374.898	0.0367862
-374.544	0.0206304
-374.192	0.0449126
-373.837	0.0530257
-373.486	0.0611437
-373.131	0.0368882
-372.78	0.0531034
-372.425	0.0450308
-372.074	0.0369539
-371.72	0.0450782
-371.368	0.045101
-371.014	0.0451248
-370.662	0.0208211
-370.308	0.0451689
-369.956	0.0614096
-369.602	0.0695374
-369.25	0.0371043
-368.899	0.0371147
-368.545	0.0127973
-368.193	0.0128116
-367.839	0.0371559
-367.487	0.0209502
-367.133	0.0615144
-366.782	0.0371974
-366.43	0.0453203
-366.076	0.053446
-365.725	0.0210218
-365.371	0.0129259
-365.019	0.0129407
-364.668	0.0291842
-364.314	0.0373176
-363.962	0.0211015
-363.611	0.0535819
-363.257	0.0454789
-362.905	0.0536062
-362.554	0.0536155
-362.2	0.053624
-361.849	0.0536316
-361.497	0.0617514
-361.144	0.0212055
-360.792	0.0293247
-360.441	0.0455459
-360.087	0.0536505
-359.736	0.0212474
-359.384	0.0374608
-359.031	0.0374728
-358.679	0.0536861
-358.328	0.0213016
-357.977	0.021317
-357.623	0.0213348
-357.272	0.0375599
-356.92	0.021366
-356.569	0.0213806
-356.216	-0.00292057
-355.864	0.0214075
-355.513	0.0214199
-355.162	0.01333
-354.809	0.00524289
-354.457	0.0214536
-354.106	0.0457485
-353.755	0.0376586
-353.402	0.0538461
-353.05	0.029584
-352.699	0.0619443
-352.348	0.0457799
-351.997	0.0457924
-351.644	0.0377207
-351.293	0.0377363
-350.941	0.00540357
-350.59	0.0377704
-350.239	0.0458769
-349.888	0.0539853
-349.537	0.0459134
-349.184	0.029748
-348.833	0.0135792
-348.482	0.0297846
-348.131	0.0136092
-347.78	0.0460096
-347.429	0.0298301
-347.078	0.0460345
-346.725	0.0298513
-346.374	0.0379523
-346.023	0.0460491
-345.672	0.0460533
-345.322	0.0379711
-344.971	0.0298928
-344.62	0.0218198
-344.269	0.0541342
-343.918	0.0218387
-343.567	0.0460624
-343.217	0.0379993
-342.866	0.0541453
-342.515	0.021886
-342.164	0.0461065
-341.811	0.0461303
-341.461	0.0380782
-341.11	0.038098
-340.759	0.00581866
-340.409	0.0462104
-340.058	0.0543046
-339.707	0.0381617
-339.357	0.0139501
-339.006	0.038193
-338.655	0.00590271
-338.305	0.0382232
-337.954	0.0624686
-337.603	0.0220982
-337.253	0.0463363
-336.902	0.0463414
-336.554	0.0463454
-336.203	0.0302112
-335.853	0.0544207
-335.502	0.022164
-335.152	0.0141121
-334.801	0.046365
-334.451	0.062485
-334.101	0.0383187
-333.75	0.0383273
-333.4	0.0222302
-333.049	0.0463974
-332.699	0.0142039
-332.348	0.0222661
-332	0.0142311
-331.65	0.0383869
-331.3	0.0464414
-330.949	0.0223157
-330.599	0.0142845
-330.249	0.0223397
-329.898	0.0384324
-329.548	0.0625588
-329.2	0.0223757
-328.85	0.0465
-328.499	0.0304398
-328.149	0.0304553
-327.799	0.0224332
-327.449	0.0385281
-327.101	0.0465868
-326.751	0.0385647
-326.4	0.0546697
-326.05	0.0225132
-325.7	0.0708008
-325.352	0.0144982
-325.002	0.0386518
-324.652	0.0467128
-324.302	0.0386794
-323.952	0.0386912
-323.604	0.0145681
-323.254	0.0226248
-322.904	0.0387201
-322.554	0.0306878
-322.206	0.00658263
-321.856	0.0307053
-321.506	0.04678
-321.156	0.038752
-320.808	0.022701
-320.458	0.0548226
-320.108	0.0387764
-319.761	0.0387856
-319.411	0.0387947
-319.061	0.0708913
-318.711	0.0468352
-318.363	0.0147656
-318.013	0.0388425
-317.664	0.0308391
-317.316	0.0388793
-316.966	0.0549442
-316.616	0.0389108
-316.269	0.0389278
-315.919	0.0389469
-315.569	0.0469944
-315.222	0.0148982
-314.872	0.0390048
-314.524	0.0390225
-314.175	0.0149421
-313.825	0.0149556
-313.477	0.0390546
-313.128	0.0230074
-312.778	0.0230167
-312.431	0.0390647
-312.081	0.00700137
-311.734	0.0310559
-311.384	0.031066
-311.034	0.0631419
-310.687	0.0391089
-310.337	0.0311052
-309.99	0.0631489
-309.641	0.0471386
-309.293	0.0231296
-308.944	0.0391494
-308.596	0.0311563
-308.247	0.0631736
-307.897	0.031179
-307.55	0.0311909
-307.201	0.0392021
-306.853	0.0552107
-306.504	0.0232306
-306.157	0.0152466
-305.807	0.0312546
-305.46	0.0712506
-305.111	0.0632681
-304.764	0.0312963
-304.414	0.015317
-304.067	0.047317
-303.718	0.0313365
-303.371	0.00736332
-303.023	0.0233656
-302.674	0.0393615
-302.327	0.0233881
-301.978	-0.00855365
-301.631	0.0393815
-301.282	0.0234201
-300.935	-0.00848592
-300.585	0.0394246
-300.238	0.0474219
-299.891	0.0394629
-299.542	0.0474594
-299.195	0.0235556
-298.846	0.0156044
-298.499	0.023608
-298.152	0.0316201
-297.803	0.00769773
-297.456	-0.00827295
-297.109	0.0397391
-296.76	0.0397589
-296.413	0.0237755
-296.064	0.0237917
-295.717	0.0397823
-295.371	0.0477959
-295.022	0.0158822
-294.675	-0.00805267
-294.328	0.0398954
-293.979	0.0479048
-293.632	0.0319541
-293.286	0.0319749
-292.939	0.0319947
-292.59	0.0240351
-292.243	0.040023
-291.896	0.0560089
-291.548	0.0161262
-291.201	0.0560484
-290.854	0.024153
-290.508	0.000243302
-290.159	0.00824601
-289.812	0.0481482
-289.466	0.0401933
-289.117	0.0641326
-288.77	0.0242906
-288.424	0.0243141
-288.077	0.0163671
-287.731	0.0403011
-287.382	0.00844652
-287.035	0.0403462
-286.689	0.0244327
-286.342	0.0642953
-285.994	0.0404154
-285.647	0.0245049
-285.301	0.0484293
-284.954	0.0564195
-284.608	0.0166116
-284.261	0.0246025
-283.913	0.0325935
-283.566	0.0405842
-283.22	0.000777594
-282.874	0.0406376
-282.527	0.0247304
-282.181	0.0407025
-281.832	0.0407409
-281.486	0.02482
-281.14	0.0168674
-280.794	0.00891031
-280.447	0.0249029
-280.101	0.00895916
-279.755	0.0329359
-279.409	0.0489254
-279.062	0.00105337
-278.714	0.0250198
-278.368	0.0729255
-278.021	0.0410309
-277.675	0.0410578
-277.329	0.0570732
-276.983	0.00917994
-276.637	0.00121644
-276.291	0.0252051
-275.945	0.0412021
-275.599	0.0172647
-275.252	0.0252704
-274.906	0.0173117
-274.56	0.0253138
-274.214	0.0412886
-273.868	0.0413063
-273.522	0.0174059
-273.176	0.0732237
-272.83	0.0572947
-272.484	0.0493413
-272.138	0.00953511
-271.792	0.00955998
-271.446	0.049408
-271.1	0.041476
-270.754	0.0415102
-270.409	0.0495127
-270.063	0.0336648
-269.717	0.0495192
-269.371	0.0495134
-269.025	0.0111189
-268.679	0.0115332
-268.333	0.056641
-267.988	0.0325417
-267.642	0.0397412
-267.296	0.00911134
-266.95	0.0391199
-266.607	0.0410627
-266.261	0.012851
-265.915	0.0340226
-265.569	0.020907
-265.224	0.0318886
-264.878	0.0374204
-264.532	0.0348336
-264.187	0.0290864
-263.841	0.0501259
-263.497	0.010127
-263.152	0.0250904
-262.806	0.035347
-262.461	0.0215436
-262.115	0.0339941
-261.769	0.0478152
-261.426	0.0392777
-261.08	0.0100066
-260.735	0.0187331
-260.389	0.0101746
-260.044	0.0281899
-259.698	0.0400966
-259.355	0.0451307
-259.009	0.048733
-258.664	0.013348
-258.318	0.03132
-257.975	0.0507276
-257.63	0.00942929
-257.284	0.0279839
-256.939	0.026077
-256.594	0.0298607
-256.25	0.0253066
-255.905	-0.000372294
-255.56	0.0198877
-255.216	0.0276541
-254.871	0.032182
-254.526	0.0135047
-254.18	0.0439226
-253.837	0.012861
-253.492	0.0286941
-253.147	0.0167622
-252.804	0.055069
-252.458	0.0180716
-252.113	0.0446903
-251.768	0.0301647
-251.425	0.0308885
-251.08	0.0430848
-250.735	0.0354624
-250.392	0.0136871
-250.046	0.0221657
-249.703	0.0107898
-249.358	0.0556834
-249.013	0.0348613
-248.67	0.0253181
-248.325	0.0177595
-247.98	0.024133
-247.637	0.00828004
-247.292	0.0309271
-246.949	0.0395135
-246.604	0.0396229
-246.259	0.0203035
-245.916	0.0134747
-245.571	0.029175
-245.229	0.0382749
-244.884	0.0319672
-244.539	0.0386101
-244.196	0.0439007
-243.851	0.0221264
-243.508	0.0237347
-243.163	0.0463798
-242.821	0.0342408
-242.476	0.0188588
-242.133	0.0288938
-241.788	0.0326842
-241.446	0.0245282
-241.101	0.018415
-240.758	0.0217968
-240.413	0.0236827
-240.071	0.0312637
-239.726	0.0212395
-239.383	0.0122787
-239.039	0.046114
-238.696	0.0466131
-238.351	0.0161461
-238.099	0.039003
-237.75	0.0310397
-237.401	0.031044
-237.052	0.054939
-236.703	0.0230894
-236.354	0.0390167
-236.005	0.0628991
-235.656	0.0310669
-235.306	0.0310726
-234.957	0.0151659
-234.606	0.0231287
-234.257	0.0310892
-233.908	0.0310936
-233.559	0.0390478
-233.21	0.0152023
-232.861	0.0311037
-232.512	0.0311078
-232.166	0.0470005
-231.817	0.0231739
-231.468	0.0311212
-231.119	0.0311259
-230.77	0.0470095
-230.421	0.0311386
-230.072	-0.000604695
-229.723	0.0390981
-229.375	0.0549909
-229.026	0.039129
-228.677	0.0391388
-228.328	0.0550297
-227.979	0.0391559
-227.631	0.0312235
-227.282	0.0471119
-226.933	0.0153606
-226.584	0.055066
-226.238	0.0471337
-225.889	0.0153875
-225.54	0.0392103
-225.192	-0.000469757
-224.843	0.023351
-224.494	0.0471683
-224.146	0.00749554
-223.797	0.0154394
-223.451	0.0392473
-223.102	0.039251
-222.753	0.0154621
-222.405	0.0392588
-222.056	0.0551207
-221.708	0.0392677
-221.361	0.0551242
-221.013	0.0392754
-220.664	0.0155081
-220.316	0.0155154
-219.967	0.0313637
-219.619	0.0472055
-219.273	0.0472075
-218.924	0.0313785
-218.576	0.0393023
-218.227	0.0393109
-217.881	0.0314045
-217.533	0.0314148
-217.184	0.0472587
-216.836	0.031437
-216.488	0.0631182
-216.141	0.0156245
-215.793	0.0552318
-215.445	0.039407
-215.096	0.0314985
-214.75	0.015667
-214.402	0.0235969
-214.054	0.039445
-213.708	0.0552877
-213.359	0.039453
-213.011	0.0394556
-212.663	0.039458
-212.317	0.023635
-211.969	0.0157295
-211.621	0.0315579
-211.275	0.0157447
-210.926	0.0236605
-210.578	0.0473878
-210.232	0.0394857
-209.884	0.0473955
-209.536	0.0157844
-209.19	0.047405
-208.842	0.0316055
-208.494	0.0632186
-208.148	0.0316221
-207.8	0.0790455
-207.452	0.0553508
-207.106	0.0474595
-206.758	0.0632768
-206.413	0.0158712
-206.065	0.0633247
-205.717	0.0633341
-205.371	0.0396206
-205.023	0.0791683
-204.677	0.063377
-204.329	0.0475815
-203.981	0.0713414
-203.636	0.0396986
-203.288	0.0634319
-202.942	0.0317931
-202.594	0.0159827
-202.249	0.0476168
-201.901	0.0555295
-201.553	0.0476341
-201.207	0.0318332
-200.86	0.0476597
-200.514	0.0397647
-200.166	0.0318686
-199.821	0.0239711
-199.473	0.039801
-199.127	0.0556321
-198.78	0.0556434
-198.434	0.0635643
-198.086	0.0240225
-197.741	0.0477625
-197.393	0.0398607
-197.048	0.0715072
-196.7	0.0477853
-196.355	0.0240651
-196.007	0.0556982
-195.662	0.0556984
-195.316	0.0636062
-194.969	0.039901
-194.623	0.047815
-194.276	0.0478269
-193.931	0.0399344
-193.583	0.079475
-193.238	0.0794912
-192.89	0.095324
-192.545	0.0320795
-192.2	0.0479126
-191.852	0.0321077
-191.507	0.0479453
-191.16	0.0637843
-190.814	0.0717101
-190.469	0.0638068
-190.122	0.0796411
-189.777	0.0400823
-189.431	0.0796415
-189.084	0.0717297
-188.739	0.0796378
-188.391	0.0480088
-188.046	0.0638284
-187.701	0.0322084
-187.354	0.0559368
-187.009	0.0480397
-186.664	0.0480497
-186.317	0.0559665
-185.971	0.0480692
-185.626	0.0717964
-185.281	0.0559924
-184.934	0.048095
-184.589	0.0718228
-184.244	0.056021
-183.897	0.0718454
-183.552	0.0797664
-183.207	0.0876894
-182.86	0.0639818
-182.515	0.0719063
-182.17	0.0640133
-181.825	0.0719408
-181.478	0.0798726
-181.133	0.0719824
-180.788	0.0957548
-180.444	0.072041
-180.097	0.0641506
-179.752	0.0720954
-179.407	0.0641928
-179.062	0.0166635
-178.717	0.0800715
-178.37	0.072157
-178.026	0.0800892
-177.681	0.0880199
-177.336	0.080102
-176.991	0.0642615
-176.645	0.0801154
-176.3	0.0484305
-175.955	0.072208
-175.61	0.0880635
-175.266	0.0484593
-174.921	0.127703
-174.574	0.0326357
-174.23	0.103974
-173.885	0.104005
-173.54	0.0961141
-173.196	0.0882043
-172.851	0.0961371
-172.507	0.119922
-172.16	0.127841
-171.816	0.111977
-171.471	0.14366
-171.126	0.159481
-170.782	0.191115
-170.437	0.167299
-170.093	0.183073
-169.749	0.198844
-169.404	0.269975
-169.06	0.21458
-168.715	0.175028
-168.369	0.238256
-168.024	0.238261
-167.68	0.175049
-167.335	0.17509
-166.991	0.15934
-166.647	0.143571
-166.302	0.143612
-165.958	0.127819
-165.614	0.12785
-165.27	0.112041
-164.925	0.14373
-164.581	0.143718
-164.237	0.104145
-163.892	0.112076
-163.548	0.127926
-163.204	0.10419
-162.86	0.0804512
-162.516	0.0963038
-162.171	0.0884019
-161.827	0.11218
-161.483	0.143884
-161.139	0.0884552
-160.795	0.104326
-160.451	0.112263
-160.107	0.0805773
-159.762	0.104353
-159.421	0.112283
-159.077	0.112288
-158.732	0.0885232
-158.388	0.104364
-158.044	0.0805991
-157.7	0.0964314
-157.356	0.128072
-157.012	0.135969
-156.668	0.104275
-156.324	0.0963693
-155.98	0.104286
-155.639	0.128025
-155.295	0.104312
-154.951	0.112244
-154.607	0.14392
-154.263	0.136042
-153.919	0.136081
-153.575	0.136105
-153.234	0.144062
-152.89	0.1124
-152.546	0.12825
-152.202	0.144085
-151.858	0.112401
-151.514	0.144035
-151.173	0.136088
-150.829	0.143946
-150.485	0.167648
-150.142	0.167664
-149.798	0.143958
-149.456	0.151898
-149.113	0.183591
-148.769	0.191501
-148.425	0.191466
-148.084	0.167696
-147.74	0.215212
-147.396	0.207337
-147.053	0.25475
-146.711	0.223061
-146.368	0.286262
-146.024	0.278341
-145.681	0.302052
-145.339	0.373279
-144.996	0.444546
-144.652	0.499958
-144.311	0.507951
-143.967	0.587163
-143.624	0.71386
-143.28	0.848476
-142.939	0.793156
-142.595	0.809021
-142.252	0.816933
-141.911	0.793148
-141.567	0.6823
-141.224	0.634744
-140.883	0.508095
-140.539	0.468478
-140.196	0.373521
-139.855	0.31812
-139.511	0.318074
-139.168	0.254828
-138.827	0.231121
-138.483	0.246937
-138.142	0.215348
-137.799	0.231185
-137.456	0.247035
-137.115	0.191745
-136.771	0.152256
-136.43	0.16812
-136.087	0.168174
-135.744	0.184059
-135.403	0.15244
-135.06	0.152471
-134.719	0.144582
-134.375	0.12878
-134.035	0.128814
-133.691	0.16845
-133.348	0.160542
-133.007	0.120932
-132.664	0.168454
-132.323	0.176369
-131.98	0.176367
-131.639	0.128851
-131.296	0.176361
-130.955	0.239694
-130.612	0.192158
-130.271	0.215896
-129.928	0.215862
-129.588	0.239625
-129.245	0.22383
-128.904	0.200119
-128.561	0.223904
-128.22	0.23977
-127.877	0.231881
-127.536	0.223987
-127.194	0.20817
-126.853	0.21611
-126.512	0.231971
-126.169	0.232051
-125.829	0.224153
-125.486	0.263759
-125.145	0.255808
-124.802	0.192408
-124.462	0.263622
-124.121	0.255601
-123.778	0.263468
-123.438	0.255516
-123.095	0.28712
-122.754	0.279179
-122.414	0.27915
-122.071	0.318654
-121.73	0.342341
-121.388	0.350218
-121.047	0.365995
-120.707	0.310658
-120.364	0.263266
-120.024	0.286972
-119.683	0.207948
-119.34	0.168427
-119	0.176295
-118.66	0.113084
-118.317	0.144656
-117.977	0.10517
-117.636	0.120955
-117.294	0.152527
-116.953	0.191993
-116.613	0.255142
-116.273	0.270942
-115.93	0.239375
-115.59	0.231482
-115.249	0.20781
-114.907	0.152568
-114.567	0.120998
-114.226	0.144659
-113.886	0.136754
-113.544	0.105188
-113.204	0.113072
-112.863	0.105202
-112.523	0.12099
-112.181	0.128884
-111.841	0.0973476
-111.5	0.0973491
-111.16	0.136756
-110.82	0.0894412
-110.478	0.105188
-110.138	0.105175
-109.798	0.0815379
-109.458	0.0815345
-109.117	0.0815341
-108.775	0.0815317
-108.435	0.0815214
-108.095	0.128718
-107.755	0.112965
-107.415	0.0579005
-107.075	0.128666
-106.733	0.10507
-106.393	0.0814832
-106.053	0.105063
-105.713	0.105083
-105.373	0.105093
-105.033	0.0972416
-104.693	0.0972523
-104.353	0.112989
-104.011	0.128728
-103.671	0.105152
-103.331	0.0972942
-102.992	0.0973009
-102.652	0.0815898
-102.312	0.0816004
-101.972	0.120915
-101.632	0.128787
-101.292	0.0973529
-100.953	0.105223
-100.613	0.105233
-100.273	0.105244
-99.9334	0.105257
-99.5915	0.0816882
-99.2518	0.0974259
-98.912	0.105301
-98.5723	0.113174
-98.2327	0.0895954
-97.893	0.113193
-97.5533	0.0974782
-97.2137	0.10535
-96.874	0.105358
-96.5344	0.0817757
-96.1948	0.121079
-95.8552	0.0974931
-95.5156	0.0896307
-95.176	0.0817704
-94.8364	0.0582035
-94.4969	0.136766
-94.1595	0.0974882
-93.82	0.0974901
-93.4805	0.121045
-93.141	0.105331
-92.8015	0.136726
-92.462	0.10532
-92.1225	0.0974734
-91.7831	0.0896287
-91.4436	0.113179
-91.1042	0.121034
-90.7648	0.105347
-90.4254	0.128903
-90.086	0.113222
-89.7488	0.105391
-89.4094	0.136804
-89.07	0.113273
-88.7307	0.121137
-88.3914	0.136854
-88.052	0.113319
-87.7127	0.136895
-87.3734	0.160477
-87.0363	0.136943
-86.697	0.129114
-86.3578	0.121283
-86.0185	0.0977337
-85.6793	0.113457
-85.3401	0.144914
-85.003	0.105626
-84.6638	0.129191
-84.3246	0.129174
-83.9855	0.1213
-83.6463	0.0977259
-83.3093	0.121234
-82.9702	0.0976685
-82.6311	0.0976646
-82.2919	0.0976673
-81.9528	0.113358
-81.6159	0.113367
-81.2768	0.0820143
-80.9378	0.097715
-80.5987	0.0977407
-80.2619	0.113471
-79.9228	0.0821326
-79.5838	0.097931
-79.2448	0.0822299
-78.908	0.105809
-78.569	0.097955
-78.23	0.0822254
-77.8932	0.129347
-77.5543	0.0979273
-77.2154	0.0822239
-76.8764	0.0822269
-76.5397	0.113635
-76.2008	0.0900906
-75.8619	0.105798
-75.5252	0.0979492
-75.1864	0.0900908
-74.8475	0.121476
-74.5109	0.105787
-74.172	0.0744128
-73.8332	0.097964
-73.4966	0.0979794
-73.1578	0.113691
-72.819	0.145102
-72.4825	0.0980337
-72.1437	0.11376
-71.8071	0.113793
-71.4684	0.105962
-71.1297	0.105979
-70.7932	0.11385
-70.4545	0.14529
-70.118	0.13746
-69.7793	0.0903435
-69.4406	0.129649
-69.1042	0.106095
-68.7655	0.082535
-68.4291	0.0982659
-68.0905	0.113997
-67.7541	0.114007
-67.4155	0.121874
-67.0769	0.0825856
-66.7405	0.106172
-66.402	0.114046
-66.0656	0.0983429
-65.7271	0.11408
-65.3908	0.106235
-65.0523	0.129836
-64.716	0.129859
-64.3775	0.114159
-64.0412	0.0905913
-63.7028	0.0827461
-63.3665	0.106368
-63.0281	0.0827914
-62.6918	0.0985517
-62.3534	0.0985699
-62.0172	0.137934
-61.6788	0.0671073
-61.3426	0.106458
-61.0065	0.0907148
-60.6681	0.0749745
-60.332	0.137892
-59.9936	0.106427
-59.6575	0.106426
-59.3192	0.0985658
-58.9831	0.122158
-58.6448	0.106443
-58.3088	0.0750061
-57.9727	0.130059
-57.6345	0.0828988
-57.2984	0.0907818
-56.9602	0.0829384
-56.6242	0.0986956
-56.2882	0.106593
-55.95	0.0830151
-55.614	0.122408
-55.278	0.122445
-54.9399	0.130353
-54.6039	0.0752414
-54.268	0.114654
-53.9299	0.0752806
-53.594	0.0910619
-53.2581	0.0437926
-52.92	0.0989974
-52.5841	0.122674
-52.2483	0.0753758
-51.9103	0.130584
-51.5744	0.10694
-51.2386	0.122724
-50.9006	0.106963
-50.5648	0.0754289
-50.229	0.106979
-49.891	0.08333
-49.5553	0.0991077
-49.2195	0.114885
-48.8837	0.0754699
-48.5458	0.0991362
-48.2101	0.0676061
-47.8744	0.11493
-47.5387	0.114957
-47.2008	0.12289
-46.8652	0.0677026
-46.5295	0.130925
-46.1938	0.123111
-45.8582	0.083652
-45.5204	0.0995131
-45.1848	0.0995422
-44.8492	0.0995558
-44.5136	0.107407
-44.178	0.0994247
-43.8403	0.107286
-43.5047	0.107279
-43.1692	0.107297
-42.8336	0.091541
-42.4981	0.107377
-42.1604	0.0995205
-41.8249	0.0916238
-41.4895	0.115292
-41.154	0.0994802
-40.8185	0.115284
-40.4831	0.0679282
-40.1476	0.0995584
-39.81	0.115396
-39.4746	0.147045
-39.1392	0.139174
-38.8038	0.131296
-38.4685	0.178769
-38.1331	0.257886
-37.7977	0.376566
-37.4624	0.511087
-37.1271	0.519053
-36.7918	0.337138
-36.4564	0.250141
-36.119	0.226436
-35.7837	0.147326
-35.4484	0.147346
-35.1132	0.123618
-34.7779	0.13946
-34.4427	0.0998932
-34.1075	0.139483
-33.7723	0.155327
-33.4371	0.13951
-33.1019	0.123693
-32.7667	0.139529
-32.4315	0.147447
-32.0964	0.131623
-31.7612	0.107887
-31.4261	0.12373
-31.091	0.131659
-30.7559	0.115841
-30.4208	0.0841897
-30.0857	0.115874
-29.7507	0.131729
-29.4156	0.13967
-29.0806	0.108017
-28.7455	0.10804
-28.4105	0.139753
-28.0755	0.123936
-27.7405	0.147736
-27.4077	0.155687
-27.0727	0.131937
-26.7378	0.163672
-26.4028	0.147843
-26.0679	0.147865
-25.7329	0.116161
-25.398	0.13203
-25.0631	0.179615
-24.7282	0.139978
-24.3934	0.155852
-24.0607	0.132087
-23.7258	0.116256
-23.391	0.148007
-23.0561	0.19563
-22.7213	0.171868
-22.3865	0.14017
-22.0517	0.13228
-21.7191	0.187922
-21.3843	0.148274
-21.0496	0.148341
-20.7148	0.17227
-20.3801	0.196218
-20.0454	0.148557
-19.7128	0.164544
-19.3781	0.148681
-19.0434	0.140768
-18.7088	0.18066
-18.3741	0.140857
-18.0416	0.164808
-17.707	0.188798
-17.3723	0.220788
-17.0377	0.196928
-16.7053	0.157084
-16.3707	0.165141
-16.0361	0.205169
-15.7015	0.173261
-15.3691	0.173316
-15.0346	0.149384
15.2602	0.176204
15.5915	0.151477
15.9249	0.199846
16.2562	0.183395
16.5875	0.134677
16.9187	0.166759
17.2521	0.158486
17.5834	0.198487
17.9146	0.142019
18.2458	0.149879
18.577	0.149725
18.9103	0.141581
19.2415	0.181432
19.5727	0.173303
19.9038	0.165204
20.235	0.157137
20.5682	0.149084
20.8994	0.164942
21.2305	0.180784
21.5616	0.164782
21.8926	0.172655
22.2237	0.156677
22.5569	0.148643
22.888	0.148549
23.219	0.1326
23.55	0.108754
23.881	0.140398
24.212	0.108656
24.543	0.124422
24.874	0.124362
25.205	0.100599
25.5381	0.100562
25.869	0.13211
26.1999	0.147856
26.5308	0.139929
26.8618	0.147787
27.1926	0.108338
27.5235	0.108328
27.8544	0.171377
28.1853	0.147716
28.5161	0.13982
28.8469	0.147681
29.1778	0.179164
29.5086	0.100392
29.8394	0.13185
30.1702	0.13182
30.5009	0.123935
30.8317	0.100326
31.1625	0.123913
31.4932	0.116051
31.8239	0.139636
32.1547	0.13176
32.4854	0.123886
32.8161	0.108158
33.1468	0.139572
33.4774	0.139557
33.8081	0.115986
34.1387	0.155247
34.4694	0.147395
34.8	0.1474
35.1306	0.218066
35.4612	0.273017
35.7918	0.445717
36.1224	0.547738
36.453	0.563394
36.7814	0.406387
37.1119	0.257262
37.4424	0.178785
37.773	0.147402
38.1035	0.163101
38.434	0.116027
38.7645	0.139572
39.0949	0.116037
39.4254	0.116041
39.7537	0.084664
40.0841	0.0532905
40.4146	0.100367
40.745	0.100377
41.0754	0.0925341
41.4058	0.100376
41.734	0.0846893
42.0644	0.116049
42.3947	0.076846
42.7251	0.100357
43.0554	0.0846777
43.3857	0.100266
43.7139	0.11564
44.0442	0.100427
44.3745	0.077908
44.7048	0.0929726
45.0329	0.106961
45.3632	0.0842304
45.6934	0.0841702
46.0236	0.0641248
46.3539	0.0922933
46.6819	0.0792756
47.0121	0.101233
47.3423	0.0930931
47.6725	0.11151
48.0005	0.0568419
48.3306	0.112171
48.6608	0.0892
48.9888	0.0742312
49.3189	0.0820067
49.649	0.0783943
49.9791	0.0878069
50.307	0.0698456
50.6371	0.106403
50.9671	0.103108
51.295	0.0909906
51.6251	0.0750715
51.9551	0.0915738
52.2829	0.0912985
52.6129	0.0876955
52.9429	0.0893592
53.2708	0.0883312
53.6007	0.0751601
53.9285	0.0849826
54.2585	0.106822
54.5884	0.0854405
54.9162	0.0941701
55.2461	0.120929
55.576	0.0867893
55.9037	0.102579
56.2336	0.0925357
56.5613	0.0887333
56.8912	0.0732804
57.2188	0.0870707
57.5487	0.114161
57.8785	0.0807373
58.2061	0.0973745
58.5359	0.101651
58.8636	0.0833056
59.1933	0.086772
59.521	0.096899
59.8507	0.0998861
60.1783	0.0933532
60.508	0.0824781
60.8377	0.0963811
61.1653	0.0847713
61.495	0.0737364
61.8225	0.0942697
62.1521	0.0929357
62.4797	0.10171
62.8093	0.0843959
63.1368	0.0994298
63.4643	0.0914043
63.7939	0.107459
64.1213	0.104738
64.4509	0.0990857
64.7783	0.109096
65.1079	0.112987
65.4353	0.101067
65.7648	0.111661
66.0922	0.117174
66.4217	0.122744
66.7491	0.12447
67.0764	0.121399
67.4059	0.102798
67.7332	0.107732
68.0627	0.111957
68.39	0.119572
68.7173	0.121483
69.0467	0.120406
69.374	0.1164
69.7034	0.122511
70.0306	0.110809
70.3579	0.111207
70.6872	0.11174
71.0144	0.111445
71.3416	0.112415
71.671	0.103098
71.9981	0.092746
72.3253	0.107216
72.6546	0.0996291
72.9817	0.106601
73.3089	0.0791166
73.6381	0.0869043
73.9652	0.0970293
74.2923	0.104369
74.6194	0.122301
74.9486	0.0985456
75.2757	0.0783746
75.6027	0.0733328
75.9319	0.0931996
76.2589	0.0943905
76.586	0.108897
76.913	0.107997
77.2421	0.0931739
77.5584	0.0931716
77.8918	0.0774723
78.2252	0.108879
78.5585	0.093178
78.8919	0.0931777
79.2252	0.0853312
79.5564	0.10102
79.8897	0.0853333
80.223	0.108914
80.5563	0.0854104
80.8896	0.124711
81.2207	0.116892
81.5539	0.109052
81.8872	0.085487
82.2204	0.109003
82.5536	0.108956
82.8847	0.132457
83.2179	0.116781
83.5511	0.108968
83.8842	0.132546
84.2153	0.109053
84.5484	0.116922
84.8815	0.124794
85.2147	0.156251
85.5456	0.124892
85.8787	0.156331
86.2118	0.132796
86.5449	0.148525
86.8758	0.140687
87.2089	0.132846
87.5419	0.125004
87.8728	0.0935979
88.2058	0.140738
88.5388	0.187881
88.8718	0.132918
89.2027	0.125083
89.5356	0.117252
89.8686	0.101565
90.1994	0.109451
90.5323	0.117342
90.8652	0.125238
91.196	0.109549
91.5289	0.117449
91.8597	0.101755
92.1925	0.133261
92.5254	0.11757
92.8561	0.12548
93.189	0.117639
93.5218	0.109787
93.8525	0.1098
94.1853	0.109804
94.5159	0.141285
94.8487	0.125523
95.1815	0.0940252
95.5121	0.133319
95.8448	0.10972
96.1754	0.14117
96.5082	0.117602
96.8387	0.10976
97.1714	0.125506
97.5041	0.0940751
97.8346	0.117686
98.1673	0.0941135
98.4978	0.086265
98.8305	0.117739
99.161	0.133485
99.4936	0.102049
99.824	0.133541
100.157	0.0548918
100.487	0.109985
100.82	0.110002
101.15	0.109999
101.483	0.117849
101.813	0.149333
102.146	0.534828
102.476	1.76253
102.808	0.157321
103.139	0.125852
103.471	0.110121
103.802	0.110119
104.134	0.102239
104.464	0.133673
104.795	0.117916
105.127	0.0943225
105.457	0.125794
105.79	0.0629532
106.12	0.125936
106.452	0.0630361
106.783	0.133913
107.113	0.118161
107.445	0.126001
107.775	0.110253
108.108	0.110255
108.438	0.0945621
108.768	0.118196
109.1	0.133954
109.43	0.141804
109.763	0.102454
110.093	0.102458
110.423	0.126053
110.755	0.0788705
111.085	0.126051
111.415	0.133912
111.747	0.141773
112.077	0.141774
112.407	0.126057
112.739	0.14178
113.069	0.165361
113.399	0.173221
113.732	0.243934
114.062	0.29891
114.391	0.338148
114.721	0.377375
115.053	0.377325
115.383	0.298765
115.713	0.267333
116.045	0.20452
116.375	0.204509
116.705	0.196648
117.035	0.267241
117.367	0.204451
117.697	0.235802
118.027	0.251465
118.356	0.314173
118.688	0.306324
119.018	0.400408
119.348	0.4788
119.678	0.580704
120.007	0.572867
120.339	0.518002
120.669	0.486657
120.999	0.478825
121.328	0.431793
121.658	0.361241
121.99	0.431766
122.32	0.369037
122.649	0.408184
122.979	0.39247
123.309	0.376761
123.638	0.353235
123.97	0.37671
124.3	0.337522
124.629	0.353149
124.959	0.368775
125.288	0.337441
125.618	0.345262
125.947	0.360925
126.277	0.321805
126.609	0.321833
126.938	0.282712
127.268	0.345348
127.597	0.361003
127.927	0.298375
128.256	0.282717
128.585	0.298369
128.915	0.259235
129.244	0.306186
129.574	0.259222
129.903	0.282685
130.233	0.251373
130.562	0.28265
130.891	0.290457
131.223	0.220054
131.552	0.259147
131.882	0.251309
132.211	0.259094
132.54	0.227791
132.869	0.251263
133.199	0.23566
133.528	0.251446
133.857	0.259369
134.187	0.28293
134.516	0.275167
134.845	0.283093
135.174	0.275335
135.503	0.283205
135.833	0.29893
136.16	0.306822
136.489	0.299015
136.818	0.393045
137.147	0.400835
137.476	0.416145
137.805	0.4942
138.135	0.587833
138.464	0.611221
138.793	0.689584
139.122	0.799256
139.451	0.931944
139.78	1.01767
140.109	1.11091
140.438	1.29813
140.765	1.43069
141.094	1.48519
141.423	1.57099
141.752	1.35329
142.081	1.24417
142.41	1.11921
142.739	1.00184
143.066	0.845523
143.395	0.735986
143.724	0.610883
144.052	0.54051
144.381	0.532646
144.71	0.470131
145.037	0.431064
145.366	0.423242
145.695	0.368585
146.023	0.376398
146.352	0.313951
146.681	0.306164
147.008	0.298384
147.337	0.282801
147.665	0.306267
147.994	0.24383
148.321	0.2673
148.65	0.275151
148.978	0.275199
149.307	0.275255
149.634	0.220607
149.962	0.251921
150.291	0.205067
150.62	0.205108
150.946	0.173864
151.275	0.212991
151.603	0.158273
151.932	0.236502
152.259	0.236525
152.587	0.150509
152.916	0.189634
153.242	0.18965
153.571	0.181846
153.899	0.189691
154.226	0.236659
154.554	0.205401
154.883	0.181962
155.209	0.205473
155.538	0.197678
155.866	0.182052
156.193	0.166423
156.521	0.20561
156.85	0.197824
157.176	0.150847
157.504	0.174326
157.833	0.142999
158.159	0.197766
158.487	0.158617
158.814	0.150772
159.142	0.182032
159.47	0.166367
159.797	0.181981
160.125	0.174149
160.451	0.181958
160.78	0.197584
161.108	0.2054
161.434	0.181969
161.762	0.174174
162.088	0.205467
162.417	0.174247
162.743	0.213372
163.071	0.205593
163.397	0.189989
163.725	0.213479
164.051	0.25261
164.38	0.26828
164.708	0.237023
165.034	0.276151
165.362	0.323099
165.688	0.323121
166.016	0.330973
166.342	0.362308
166.668	0.417125
166.996	0.440636
167.322	0.448492
167.65	0.432878
167.976	0.43292
168.304	0.378201
168.63	0.362613
168.958	0.339193
169.284	0.315759
169.612	0.253142
169.938	0.229675
170.264	0.245365
170.592	0.237574
170.918	0.245451
171.246	0.174987
171.572	0.151514
171.9	0.167214
172.225	0.15157
172.551	0.16727
172.879	0.182973
173.205	0.175164
173.53	0.151672
173.858	0.120337
174.184	0.159564
174.512	0.143905
174.838	0.136087
175.163	0.12827
175.491	0.143979
175.817	0.175373
176.142	0.144004
176.47	0.104793
176.796	0.144002
177.121	0.112629
177.449	0.0969439
177.775	0.112623
178.1	0.0734411
178.428	0.112636
178.754	0.120478
179.079	0.120476
179.405	0.143979
179.732	0.112643
180.058	0.120481
180.383	0.128323
180.709	0.0813388
181.037	0.136185
181.362	0.128372
181.688	0.128395
182.013	0.136257
182.341	0.0971077
182.666	0.128486
182.991	0.0893273
183.317	0.0815172
183.644	0.128604
183.97	0.160028
184.295	0.113001
184.62	0.0816468
184.946	0.128782
185.273	0.11312
185.599	0.113159
185.924	0.0974838
186.249	0.105373
186.574	0.160416
186.9	0.129001
187.227	0.105433
187.552	0.0818637
187.878	0.105455
188.203	0.113322
188.528	0.0976116
188.853	0.12119
189.179	0.0897634
189.506	0.113335
189.831	0.10548
190.156	0.0662109
190.481	0.105485
190.807	0.113344
191.132	0.089795
191.457	0.0976583
191.782	0.105522
192.107	0.0976799
192.432	0.0976887
192.759	0.0819945
193.084	0.0741539
193.409	0.0898679
193.734	0.0977354
194.06	0.0663476
194.385	0.0899109
194.71	0.0977678
195.035	0.10563
195.36	0.0899358
195.685	0.113498
196.009	0.0742714
196.334	0.0743028
196.659	0.105797
196.984	0.0901577
197.309	0.0980884
197.634	0.0981449
197.959	0.106062
198.284	0.0981927
198.609	0.129694
198.934	0.0824562
199.259	0.0667167
199.583	0.106085
199.908	0.113958
200.233	0.0903477
200.558	0.082481
200.883	0.106091
201.207	0.0982247
201.53	0.098229
201.855	0.0982339
202.18	0.0589129
202.504	0.0982667
202.829	0.106186
203.154	0.0904774
203.478	0.0826252
203.803	0.0826441
204.128	0.0905323
204.453	0.114189
204.777	0.098476
205.1	0.122158
205.424	0.0827977
205.749	0.137982
206.074	0.0825288
206.398	0.0904845
206.723	0.0985105
207.047	0.114376
207.37	0.114473
207.694	0.0829795
208.019	0.106705
208.343	0.0593583
208.668	0.0672726
208.99	0.0909949
209.315	0.0989102
209.639	0.0831307
209.964	0.0831437
210.288	0.0752548
210.611	0.0673639
210.935	0.0989616
211.26	0.0831696
211.584	0.106859
211.908	0.106856
212.231	0.114747
212.555	0.0989617
212.879	0.0831847
213.204	0.106873
213.526	0.075322
213.85	0.0674485
214.175	0.114826
214.497	0.106952
214.821	0.0990736
215.146	0.0832989
215.47	0.0675223
215.792	0.0833133
216.116	0.0912044
216.441	0.0675325
216.763	0.0912011
217.087	0.0990635
217.411	0.0754065
217.733	0.0675231
218.057	0.0832829
218.382	0.0754003
218.704	0.0990295
219.028	0.0911527
219.352	0.0675343
219.674	0.0832922
219.998	0.0990529
220.322	0.106943
220.644	0.0990858
220.968	0.0991014
221.29	0.0754889
221.614	0.0518751
221.938	0.0912581
222.26	0.0755195
222.584	0.0834038
222.906	0.0755413
223.23	0.0834264
223.554	0.10706
223.876	0.0992015
224.2	0.107094
224.522	0.0677393
224.846	0.0835037
225.168	0.0913916
225.492	0.0756517
225.814	0.0914063
226.138	0.075664
226.462	0.0677956
226.783	0.10715
227.107	0.0914045
227.429	0.0992658
227.753	0.0835293
228.075	0.114985
228.398	0.0442181
228.72	0.0835357
229.044	0.0992608
229.366	0.0835435
229.689	0.0835491
230.011	0.0992733
230.333	0.0521329
230.657	0.107156
230.978	0.0914612
231.302	0.0993377
231.624	0.0679091
231.947	0.0914976
232.269	0.0993693
232.593	0.0522285
232.914	0.0915384
233.236	0.0758357
233.559	0.0758523
233.881	0.0680085
234.204	0.0916172
234.526	0.0995281
234.848	0.0995762
235.171	0.0681343
235.493	0.0524053
235.816	0.0524297
236.138	0.0997027
236.459	0.0996144
236.783	0.107391
237.104	0.0445081
237.426	0.0915916
237.749	0.0602189
238.07	0.0759189
238.392	0.0680834
238.715	0.0602548
239.037	0.0759694
239.358	0.0288967
239.681	0.0995564
240.003	0.0917252
240.324	0.0760416
240.647	0.0760581
240.969	0.0525228
241.29	0.0918016
241.611	0.0761171
241.935	0.0839908
242.256	0.0604471
242.577	0.0761753
242.901	0.068338
243.222	0.0762128
243.543	0.0840896
243.864	0.0683931
244.187	0.0605518
244.509	0.0527078
244.83	0.0920158
245.151	0.0527329
245.472	0.0527391
245.795	0.076313
246.116	0.0527565
246.438	0.0527691
246.759	0.0684927
247.08	0.0685034
247.403	0.0763683
247.724	0.0528127
248.045	0.0685292
248.366	0.0371233
248.687	0.0999459
249.01	0.0920928
249.331	0.0685437
249.652	0.0842419
249.973	0.0607079
250.294	0.107806
250.615	0.0607404
250.936	0.0607642
251.259	0.0450843
251.58	0.100057
251.901	0.068663
252.222	0.0843668
252.543	0.0608218
252.864	0.0608298
253.185	0.0686878
253.505	0.0373118
253.826	0.0687191
254.147	0.0687384
254.468	0.0766027
254.791	0.0609053
255.112	0.0608926
255.432	0.0687215
255.753	0.0843953
256.074	0.0765867
256.395	0.0844781
256.715	0.0923461
257.036	0.076667
257.357	0.0845296
257.678	0.0767036
257.998	0.0531853
258.319	0.0767497
258.64	0.0375244
258.96	0.076787
259.281	0.0689541
259.602	0.0846722
259.922	0.0689878
260.243	0.0375981
260.564	0.0768725
260.884	0.0768921
261.205	0.0376478
261.525	0.0455222
261.846	0.0691086
262.167	0.0612666
262.487	0.0691365
262.806	0.0848615
263.126	0.045589
263.447	0.0534568
263.767	0.0770379
264.088	0.0613347
264.408	0.0927669
264.729	0.0770758
265.049	0.0849564
265.369	0.0849804
265.69	0.0614238
266.01	0.0457212
266.329	0.0693152
266.649	0.0929044
266.969	0.0771953
267.29	0.061494
267.61	0.0850921
267.931	0.085105
268.251	0.10083
268.569	0.0536762
268.89	0.0693749
269.21	0.0379672
269.53	0.0615445
269.85	0.0772759
270.171	0.0537904
270.489	0.0538386
270.809	0.053832
271.129	0.0695315
271.45	0.0537793
271.77	0.0537374
272.088	0.0850567
272.408	0.0380573
272.728	0.0773919
273.049	0.0696503
273.367	0.0697022
273.687	0.0697197
274.007	0.0460871
274.327	0.0303559
274.645	0.0854011
274.965	0.0303753
275.285	0.0382518
275.606	0.0697015
275.924	0.0539457
276.244	0.0696322
276.564	0.0539535
276.882	0.0382761
277.202	0.0618428
277.522	0.0461552
277.84	0.0383234
278.16	0.0697714
278.48	0.0855163
278.798	0.0541043
279.118	0.0541272
279.438	0.05415
279.755	0.0541726
280.075	0.0777987
280.395	0.0699588
280.713	0.069987
281.033	0.0227728
281.353	0.0779077
281.671	0.0464257
281.991	0.0700679
282.308	0.0464493
282.628	0.0228372
282.948	0.0543318
283.266	0.0543241
283.586	0.0779319
283.903	0.0622127
284.223	0.085829
284.543	0.0937153
284.861	0.046534
285.18	0.022943
285.498	0.0465989
285.818	0.0702675
286.135	0.0702932
286.455	0.0545475
286.773	0.01514
287.092	0.046694
287.412	0.0545954
287.73	0.0624984
288.049	0.0388542
288.367	0.0309813
288.687	0.0546571
289.004	0.0625477
289.324	0.038903
289.641	0.0704671
289.961	0.0468263
290.278	0.0547324
290.596	0.062638
290.915	0.0547623
291.233	0.0863373
291.552	0.0390088
291.87	0.0548017
292.189	0.046923
292.507	0.0706018
292.826	0.0548304
293.144	0.0311746
293.461	0.0469502
293.781	0.046962
294.098	0.0706269
294.417	0.0312216
294.735	0.0548966
295.054	0.0470291
295.372	0.0786058
295.689	0.0549631
296.008	0.023416
296.326	0.0155371
296.643	0.0471533
296.962	0.0471772
297.279	0.0630092
297.599	0.00768772
297.916	0.023513
298.233	0.0551503
298.553	0.0551637
298.87	0.0788895
299.187	0.0789043
299.506	0.0472957
299.823	0.0552166
300.141	0.0631369
300.458	0.0394304
300.777	0.0631637
301.094	0.0473648
301.411	0.0315667
301.73	0.0394926
302.048	0.0395008
302.365	0.0236963
302.682	0.047429
303.001	0.0711608
303.318	0.0395469
303.635	0.0474669
303.952	0.0474806
304.271	0.0554019
304.588	0.0633234
304.905	0.0554294
305.222	0.0791645
305.541	0.0554612
305.858	0.0554838
306.175	0.0475965
306.492	0.0238757
306.809	0.0476371
307.128	0.0793217
307.445	0.0555915
307.762	0.0160164
308.079	0.0239503
308.396	0.0556532
308.715	0.0556748
309.031	0.0477708
309.348	0.0398612
309.665	0.0398754
309.982	0.047815
310.299	0.0161244
310.616	0.0636938
310.934	0.0478541
311.251	0.0320148
311.568	0.0478791
311.885	0.0478925
312.201	0.0241282
312.518	0.0399937
312.835	0.0400081
313.152	0.0479503
313.468	0.0241831
313.787	0.0559124
314.104	0.0162822
314.42	0.0400881
314.737	0.00837756
315.054	0.0480554
315.37	0.0242714
315.687	0.0560301
316.004	0.0322391
316.32	0.0322555
316.637	0.0719703
316.953	0.0561088
317.27	0.0323022
317.587	0.0402597
317.903	0.0402754
318.22	0.040291
318.536	0.0403067
318.853	0.0164862
319.169	0.0244463
319.486	0.0244612
319.802	0.0403741
320.119	0.0483424
320.435	0.056314
320.752	0.0245217
321.068	0.0165817
321.385	0.0404548
321.701	0.0325143
322.017	0.0325261
322.334	0.0404897
322.65	0.0564042
322.967	0.0484634
323.281	0.0484752
323.597	0.0166838
323.914	0.032596
324.23	0.0405563
324.546	0.0087727
324.863	0.0564838
325.179	0.00879814
325.495	0.0565101
325.811	0.024723
326.128	0.0406341
326.442	0.0565447
326.758	0.0486084
327.074	0.0247744
327.391	0.0247875
327.707	0.0645465
328.023	0.0168646
328.337	0.0407239
328.653	0.0486718
328.97	0.0327879
329.286	0.0169129
329.602	0.0645872
329.918	0.0328283
330.232	0.0328412
330.548	0.0487391
330.864	0.0408059
331.18	0.0725917
331.496	0.056725
331.81	0.0408545
332.127	0.0408726
332.443	0.0408913
332.759	0.00910934
333.073	0.0250261
333.389	0.0409412
333.705	0.0329979
334.021	0.0330065
334.335	0.0489078
334.651	0.0250787
334.966	0.0489171
335.28	0.0250989
335.596	0.0251091
335.912	0.00130635
336.228	0.0648228
336.542	0.0489603
336.858	0.0569079
337.174	0.0172332
337.488	0.0410554
337.803	0.0251946
338.119	0.0410778
338.433	0.0172838
338.749	0.0172962
339.065	0.0173087
339.379	0.0490517
339.694	0.0728603
340.01	0.0490747
340.324	0.0411536
340.64	0.0333928
340.953	0.0260207
341.269	0.0477859
341.585	0.0415989
341.898	0.0265741
342.214	0.0634227
342.528	0.0194121
342.844	0.0269126
343.159	0.0547589
343.473	0.00455374
343.788	0.0165684
344.102	0.0522994
344.418	0.0269331
344.731	0.00790924
345.047	0.0361787
345.362	0.0128327
345.676	0.0326431
345.992	0.0496697
346.305	0.0451466
346.621	0.0361732
346.934	0.0356161
347.25	0.0409049
347.563	0.0535076
347.879	0.0149777
348.192	0.0419892
348.508	0.00700306
348.821	0.0206025
349.137	0.0487262
349.45	0.0354316
349.765	0.0225639
350.079	0.0258831
350.392	0.0404012
350.708	0.063511
351.021	0.0512164
351.336	0.0422523
351.65	0.0486799
351.965	0.035485
352.278	0.0432688
352.592	0.0455488
352.907	0.0140197
353.22	0.0168689
353.536	0.0292442
353.849	0.0345978
354.164	0.0432048
354.477	0.032865
354.791	0.0311733
355.106	0.0381031
355.419	0.0384435
355.732	0.0399972
356.048	0.0418646
356.361	0.0195886
356.674	0.0363061
356.989	0.0208794
357.302	0.0327606
357.615	0.0517936
357.931	0.0517936
358.244	0.00491999
358.557	0.0326986
358.872	0.021372
359.185	0.0358911
359.498	0.0322288
359.813	0.0293029
360.126	0.0264205
360.439	0.0353515
360.752	0.0234791
361.067	0.0298955
361.38	0.0509247
361.693	0.0509905
362.008	0.0239888
362.321	0.0240354
362.634	0.0369258
362.947	0.052728
363.26	0.0349344
363.575	0.0190922
363.888	0.0223512
364.201	0.0387718
364.514	0.0325324
364.829	0.00636901
365.142	0.0140174
365.454	0.0146079
365.767	0.0233511
366.08	0.041444
366.395	0.052838
366.708	0.0472066
367.021	0.0460642
367.333	0.0377125
367.646	0.0319185
367.959	0.03843
368.272	0.0555909
368.587	0.0362671
368.899	0.0258368
369.212	0.0304754
369.525	0.0592284
369.837	0.0508422
370.15	0.0486352
370.463	0.0484303
370.775	0.0285838
371.09	0.0342676
371.403	0.0344919
371.715	0.0369025
372.028	0.0189593
372.341	0.0269593
372.653	0.0206341
372.966	0.0380051
373.279	0.0420567
373.591	0.0508509
373.904	0.0383195
374.216	0.0340165
374.529	0.00878831
374.841	0.0244426
375.129	0.0386993
375.446	0.0149649
375.764	0.0308222
376.083	-0.000834059
376.4	0.0308629
376.718	0.030883
377.035	0.00714276
377.354	0.0388447
377.672	0.0467886
377.989	0.0388923
378.307	0.0151433
378.626	0.0389283
378.943	0.0468642
379.261	0.0389576
379.578	0.0468901
379.896	0.00731205
380.213	0.023164
380.531	0.0231817
380.85	0.0548617
381.166	0.0311322
381.485	0.023235
381.801	0.0469964
382.12	0.0232717
382.436	0.0153763
382.755	0.00748124
383.071	0.0470701
383.39	0.0391755
383.706	0.0391955
384.024	0.0471301
384.343	0.0629791
384.659	0.0392543
384.977	0.0313584
385.294	0.0472063
385.612	0.0472252
385.928	0.0314152
386.245	0.00769072
386.563	0.0393687
386.879	0.0314738
387.198	0.0473251
387.514	0.0631802
387.832	0.0315377
388.148	0.0157243
388.467	0.0474188
388.783	0.0553614
389.101	0.0395452
389.417	0.0474879
389.733	0.0237463
390.052	0.0316882
390.368	0.0396309
390.686	0.0317295
391.002	0.0238273
391.32	0.0159239
391.636	0.0476389
391.953	0.0555817
392.271	0.0159812
392.587	0.0160001
392.903	0.031866
393.221	0.0556566
393.537	0.063601
393.855	0.0477749
394.171	0.0398715
394.487	0.0557418
394.805	0.0319868
395.121	0.0557902
395.437	0.0320282
395.755	0.0558354
396.071	0.0479191
396.387	0.0479251
396.705	0.0320758
397.021	0.0162541
397.337	0.0241892
397.653	0.0558756
397.971	0.0638193
398.286	0.0400928
398.602	0.0322006
398.92	0.0401553
399.236	0.0481197
399.552	0.0243572
399.868	0.000587172
400.186	0.0323327
400.501	0.0244226
400.817	0.0323778
401.133	0.0403347
401.451	0.0244858
401.766	0.0165686
402.082	0.0245226
402.398	0.0324762
402.716	0.0324955
403.031	0.0483862
403.347	0.0246018
403.663	0.00081287
403.978	0.0563973
404.296	0.0564263
404.612	0.0485171
404.928	0.032661
405.243	0.0485789
405.559	0.0724501
405.874	0.016839
406.192	0.0407103
406.508	0.0248312
406.823	0.0566569
407.139	0.0487251
407.454	0.0248892
407.77	0.0169562
408.085	0.040825
408.403	0.0328913
408.719	0.0408563
409.034	0.0170275
409.349	0.0567806
409.665	-0.00677577
409.98	0.0409158
410.296	0.0488755
410.611	0.0409471
410.927	0.120398
411.242	0.0568688
411.558	0.0251151
411.875	0.0648507
412.19	0.0569279
412.506	0.0410613
412.821	0.0728585
413.137	0.0252133
413.452	0.0570112
413.767	-0.0144717
414.083	0.0649984
414.398	0.0411842
414.713	0.0491534
415.029	0.0412307
415.344	0.0333065
415.659	0.0174305
415.974	0.0492605
416.29	0.0492895
416.605	0.0572736
416.92	0.0334317
417.235	0.0334555
417.551	0.049397
417.866	0.0414607
418.181	0.0494444
418.496	0.0653909
418.811	0.0574524
419.126	0.0495129
419.442	0.0575008
419.757	0.0575253
420.07	0.0575495
420.385	0.0336743
420.7	0.0496302
421.015	0.0337165
421.33	0.0735773
421.645	0.025791
421.96	0.065667
422.275	0.0417818
422.59	0.041809
422.905	0.0418344
423.22	0.0657878
423.533	0.0498578
423.848	0.0498788
424.163	0.01001
424.478	0.0339619
424.793	0.0419559
425.108	0.041973
425.423	0.0659224
425.736	0.0579662
426.051	0.0500103
426.366	0.018121
426.681	0.066012
426.996	0.0740158
427.31	0.0341414
427.623	0.0261821
427.938	0.0182212
428.253	0.0421856
428.568	0.018261
428.883	0.0422309
429.195	0.0741922
429.51	0.0422796
429.825	0.0582777
430.14	0.0423279
430.452	0.0503375
430.767	0.0743191
431.082	0.0743327
431.397	0.0184403
431.709	0.0344332
432.024	0.0504314
432.339	0.06644
432.653	0.034504
432.966	0.0984572
433.281	0.0745005
433.595	0.0505407
433.908	0.0585408
434.223	0.0425725
434.537	0.0745194
434.852	0.058533
435.164	0.0186531
435.479	0.0745094
435.794	0.0426205
436.106	0.0346656
436.421	0.0586198
436.735	0.0745967
437.048	0.0506882
437.362	0.0427338
437.677	0.0347772
437.989	0.0268163
438.304	0.0268361
438.616	0.0428223
438.931	0.050824
439.245	0.0428579
439.557	0.0508573
439.872	0.0508732
440.184	0.0588686
440.499	0.04292
440.813	0.0588912
441.125	0.0589024
441.44	0.0190313
441.752	0.00309769
442.066	0.0828661
442.381	0.0509821
442.693	0.0430247
443.007	0.0350688
443.32	0.0510343
443.634	0.0351066
443.946	0.0670212
444.261	0.0510947
444.573	0.0511144
444.887	0.067077
445.199	0.0351978
445.514	0.0670953
445.826	0.0750719
446.14	0.0511742
446.452	0.0511852
446.766	0.0432319
447.078	0.0512101
447.393	0.0512241
447.705	0.0592016
448.019	0.0671796
448.331	0.0512739
448.645	0.0911047
448.957	0.0194654
449.271	0.0672634
449.583	0.0433946
449.898	0.0354516
450.21	0.0673312
450.522	0.043463
450.836	0.0594212
451.148	0.0674126
451.462	0.0674345
451.774	0.0674535
452.088	0.0834032
452.4	0.0276469
452.712	0.0595218
453.026	0.083418
453.338	0.0436119
453.65	0.0436211
453.963	0.0515863
454.275	0.051592
454.589	0.0675026
454.901	0.0357069
455.213	0.0516179
455.527	0.0595794
455.839	0.0675414
456.151	0.0516651
456.465	0.0357904
456.776	0.043757
457.088	0.0755641
457.402	0.0279006
457.714	0.0517601
458.026	0.0358854
458.339	0.0676924
458.651	0.0756604
458.963	0.0518401
459.275	0.0518611
459.588	0.0677796
459.9	0.0757519
460.212	0.0757787
460.523	0.0360537
460.837	0.0678863
461.149	0.0520047
461.46	0.0520296
461.774	0.0679676
462.086	0.0520844
462.397	0.0521137
462.709	0.028261
463.021	0.0840261
463.334	0.0840526
463.646	0.0522179
463.957	0.0761295
464.269	0.0522552
464.58	0.0522723
464.894	0.0602521
465.206	0.0841561
465.517	0.0045479
465.829	0.0682662
466.14	0.0603281
466.454	0.0842314
466.765	0.0444309
467.077	0.0524029
467.388	0.0762894
467.699	0.0683399
468.011	0.0683472
468.322	0.0683527
468.636	0.0365507
468.947	0.0445165
469.259	0.0683808
469.57	0.0604438
469.881	0.0525092
470.193	0.0843134
470.504	0.0525377
470.815	0.068444
471.127	0.0525683
471.438	0.0366956
471.751	0.0843841
472.063	0.0685165
472.374	0.0685397
472.685	0.0765095
472.996	0.0606387
473.308	0.0447658
473.619	0.0368391
473.93	0.0607042
474.241	0.0766233
474.553	0.0369007
474.864	0.0766692
475.175	0.0210422
475.486	0.0687643
475.797	0.068787
476.108	0.0529078
476.42	0.0211222
476.731	0.0847725
477.042	0.0529835
477.353	0.108703
477.664	0.0689508
477.975	0.084899
478.286	0.0610581
478.597	0.061095
478.908	0.0690957
479.219	0.0452233
479.53	0.0452478
479.841	0.0612098
480.153	0.0532577
480.464	0.0532776
480.772	0.0612694
481.083	0.0772298
481.394	0.0692757
481.705	0.101166
482.016	0.00555314
482.327	0.0374382
482.638	0.0693043
482.949	0.05338
483.26	0.0693105
483.571	0.0772836
483.88	0.0534229
484.191	0.077316
484.502	0.0216259
484.812	0.0693967
485.123	0.0614597
485.434	0.0535233
485.745	0.0694684
486.054	0.0535713
486.365	0.0695197
486.675	0.0695441
486.986	0.0695684
487.297	0.0457009
487.606	0.0536918
487.916	0.061686
488.227	0.061714
488.538	0.0537714
488.849	0.0856794
489.157	0.0857053
489.468	0.0697851
489.779	0.0458888
490.089	0.0538807
490.4	0.0379546
490.709	0.0539175
491.019	0.0539349
491.33	0.0459803
491.638	0.0459977
491.949	0.0699277
492.26	0.0699443
492.57	0.0460506
492.879	0.0699797
493.189	0.0381189
493.5	0.0859811
493.811	0.0620905
494.119	0.0381901
494.43	0.0541754
494.74	0.0781587
495.049	0.0382871
495.359	0.0862273
495.67	0.0782422
495.978	0.0462979
496.288	0.0622294
496.599	0.0383311
496.907	0.0861866
497.218	0.0702501
497.528	0.0543303
497.837	0.0782949
498.147	0.078378
498.455	0.0784306
498.766	0.046509
499.076	0.0705036
499.384	0.0465664
499.695	0.0705795
500.003	0.046627
500.313	0.0546557
500.624	0.102695
500.932	0.086732
501.242	0.0707586
501.551	0.0467689
501.861	0.0147616
502.171	0.0708289
502.479	0.0388079
502.79	0.0468264
503.098	0.0868519
503.408	0.0548597
503.716	0.0468749
504.026	0.0788928
504.335	0.0789073
504.645	0.046925
504.953	0.0469426
505.263	0.0469618
505.571	0.102979
505.881	0.0710021
506.189	0.0550228
506.499	0.0790455
506.808	0.0790711
507.118	0.0390881
507.426	0.0551197
507.736	0.0791671
508.044	0.0631888
508.354	0.0872513
508.662	0.0712646
508.972	0.0873241
509.28	0.0472829
509.588	0.111442
509.898	0.0473343
510.206	0.0393399
510.516	0.0554036
510.824	0.0554277
511.132	0.0313846
511.442	0.0554714
511.75	0.0394454
512.06	0.0555065
512.367	0.0475032
512.675	0.0475237
512.985	0.0475422
513.293	0.0475586
513.603	0.0716361
513.911	0.0556096
514.219	0.0716549
514.528	0.0556277
514.836	0.0716723
515.144	0.0556573
515.454	0.0877329
515.762	0.0797368
516.069	0.0797562
516.379	0.0717619
516.687	0.0477385
516.995	0.0798224
517.304	0.0558003
517.612	0.0879
517.92	0.0638887
518.227	0.0719498
518.537	0.0559271
518.845	0.0639795
519.153	0.0559777
519.46	0.0399443
519.77	0.0801135
520.077	0.0801247
520.385	0.0480268
520.693	0.0641022
521.002	0.0882055
521.31	0.0480839
521.617	0.0641589
521.925	0.0882621
522.235	0.0722241
522.542	0.0481583
522.85	0.104369
523.157	0.072277
523.465	0.0722955
523.774	0.0482342
524.082	0.0402279
524.389	0.0402496
524.697	0.0643613
525.004	0.0643826
525.312	0.0724338
525.621	0.0563944
525.929	0.0805139
526.236	0.0644765
526.543	0.064504
526.851	0.0404255
527.158	0.0645621
527.466	0.0726309
527.775	0.024419
528.082	0.0566105
528.39	0.0727279
528.697	0.0325302
529.004	0.0405995
529.312	0.0486693
529.619	0.0567396
529.926	0.0728594
530.233	0.0567827
530.541	0.0648544
530.85	0.0648747
531.157	0.0246434
531.465	0.0890632
531.772	0.0488316
532.079	0.0810527
532.386	0.0730229
532.693	0.032785
533.001	0.0730532
533.308	0.0489278
533.615	0.0731068
533.922	0.0650819
534.229	0.0409421
534.536	0.0570581
534.844	0.0490164
535.151	0.0490176
535.458	0.0812005
535.765	0.073175
536.072	0.0731994
536.379	0.0571283
536.686	0.0491003
536.993	0.0571559
537.3	0.0410881
537.607	0.0169858
537.914	0.0491563
538.221	0.0572108
538.526	0.0652814
538.833	0.0411812
539.14	0.0733592
539.447	0.105538
539.754	0.0573177
540.061	0.0573352
540.368	0.0734301
540.675	0.0412906
540.982	0.0573797
541.289	0.0734658
541.594	0.0574075
541.901	0.0574228
542.207	0.0976143
542.514	0.0574619
542.821	0.0735518
543.128	0.0494639
543.435	0.0575115
543.742	0.0735892
544.047	0.0495065
544.353	0.0173989
544.66	0.0655878
544.967	0.0495434
545.274	0.0575874
545.578	0.0495796
545.885	0.0496004
546.192	0.0576492
546.499	0.0416149
546.805	0.0817778
547.11	0.0657415
547.417	0.0095592
547.723	0.0336649
548.03	0.0738273
548.337	0.0337029
548.641	0.0738641
548.948	0.0417654
549.255	0.0498075
549.561	0.0337687
549.866	0.0578461
550.173	0.0658581
550.479	0.0418045
550.784	0.0658352
551.09	0.0578415
551.397	0.0658739
551.703	0.0739169
552.008	0.0419046
552.315	0.0259061
552.621	0.0339565
552.926	0.0259497
553.232	0.0660495
553.539	0.050007
553.843	0.0580163
554.149	0.0660373
554.456	0.0340328
554.76	0.0501058
555.067	0.0662287
555.373	0.0582357
555.678	0.0502063
555.984	0.0742875
556.288	0.0341815
556.595	0.0743078
556.901	0.0261831
557.206	0.0261889
557.512	0.0422146
557.818	0.0422347
558.123	0.0422537
558.429	0.058282
558.733	0.066309
559.04	0.0343095
559.344	0.0743655
559.65	0.0503656
559.956	0.0263613
560.261	0.0423926
560.567	-0.0056278
560.871	0.0424321
561.177	0.0504595
561.482	0.058488
561.788	0.0585097
562.092	0.0585316
562.398	0.0585531
562.702	0.0505638
563.009	0.0265538
563.313	0.0185639
563.619	0.0345967
563.923	0.0426194
564.229	0.0506399
564.533	0.0746689
564.839	0.0266612
565.143	0.0426884
565.45	0.0507099
565.754	0.0667333
566.06	0.0507424
566.364	0.0587592
566.668	0.0427718
566.974	0.0347886
567.278	0.00280582
567.584	0.0588299
567.888	0.0268463
568.194	0.0428689
568.498	0.0508903
568.802	0.0509094
569.108	0.0349248
569.412	0.0749504
569.718	0.0429627
570.022	0.050981
570.326	0.0509976
570.631	0.0670124
570.935	0.0430295
571.239	0.0670334
571.545	0.0430562
571.849	0.0590626
572.153	0.051087
572.459	0.0671024
572.762	0.0511366
573.066	0.0431616
573.372	0.0271848
573.676	0.059202
573.98	0.0752236
574.286	0.0432456
574.589	0.0272643
574.893	0.0592878
575.199	0.0353036
575.503	0.0273213
575.806	0.043341
576.11	0.0673601
576.416	0.0353773
576.719	0.0433966
577.023	0.0354156
577.327	0.0434346
577.632	0.035453
577.936	0.0274697
578.24	0.051481
578.543	0.0355049
578.849	0.0355259
579.153	0.0435491
579.456	0.0435747
579.76	0.0195884
580.065	0.0596384
580.369	0.0196286
580.673	0.0516868
580.976	0.0437022
581.28	0.0597516
581.583	0.0517621
581.889	0.0517826
582.192	0.0437878
582.496	0.0197654
582.799	0.0358124
583.103	0.0438453
583.406	0.059894
583.712	0.0599169
584.015	0.0519233
584.319	0.0599593
584.622	0.0198996
584.926	0.027934
585.229	0.0279523
585.532	0.035985
585.836	0.0440165
586.139	0.0360202
586.445	0.0280251
586.748	0.0761209
587.051	0.0360756
587.355	0.05212
587.658	0.0441244
587.961	0.052151
588.265	0.0441539
588.568	0.0281506
588.871	0.060196
589.174	0.0522048
589.478	0.0522239
589.781	0.0442381
590.084	0.04426
590.387	0.0282653
590.691	0.0122665
590.994	0.0523362
591.297	0.060368
591.6	0.0764122
591.903	0.0604126
592.207	0.0684491
592.51	0.0364199
592.813	0.0204122
593.116	0.0444794
593.419	0.0124347
593.722	0.0685803
594.026	0.0124717
594.329	0.0124903
594.632	0.0365736
594.935	0.0285725
595.238	0.0125464
595.541	0.0446562
595.844	0.0446813
596.147	0.0286568
596.448	0.0126193
596.751	0.0206694
597.054	0.0447777
597.357	0.0447865
597.66	0.0367665
597.963	0.0367661
598.266	0.0528083
598.569	0.0608601
598.872	0.0288176
599.173	0.0368631
599.476	0.0529327
599.779	0.0529511
600.082	0.0288968
600.385	0.0289158
600.688	0.00486562
600.988	0.0449986
601.291	0.0209515
601.594	0.03704
601.897	0.0290278
602.2	0.029046
602.503	0.0692321
602.804	0.0451507
603.106	0.0130366
603.409	0.0371543
603.712	0.0130748
604.013	0.0291583
604.315	0.0452398
604.618	0.053288
604.921	0.0773961
605.224	0.053321
605.524	0.0533379
605.827	0.0212385
606.13	0.0694325
606.431	0.0533935
606.733	0.0373545
607.036	0.0454076
607.339	0.0133031
607.639	0.0454544
607.942	0.0133403
608.245	0.0294287
608.545	0.00534297
608.848	0.0214319
609.15	0.00538086
609.451	0.0536134
609.754	0.0455961
610.056	0.0375795
610.357	0.0134916
610.659	0.0376218
610.962	0.0135287
611.262	0.0537471
611.565	0.0376904
611.867	0.0377138
612.168	0.0618727
612.471	0.0377616
612.773	0.037786
613.073	0.0297613
613.376	0.0378388
613.676	0.0459177
613.979	0.0217686
614.281	0.0298464
614.582	0.0459838
614.884	0.0460038
615.185	0.0460228
615.487	0.0460388
615.787	0.0138255
616.09	0.0541224
616.392	0.0299726
616.692	0.0460937
616.995	0.0300056
617.295	0.0461211
617.597	0.0300395
617.898	0.0220097
618.2	0.046168
618.5	0.0461846
618.803	0.0462012
619.103	0.0381734
619.405	0.0301467
619.705	0.0221214
620.008	0.0623534
620.308	0.0221588
620.61	0.0302194
620.91	0.0302382
621.213	0.0382992
621.513	0.030277
621.815	0.0383404
622.115	0.0464063
622.415	0.0544754
622.717	0.0464537
623.018	0.0223333
623.32	0.0625998
623.62	0.0787294
623.922	0.0304458
624.222	0.0385229
624.522	0.0707755
624.824	0.0466314
625.124	0.0305352
625.426	0.0386192
625.727	0.0386413
626.027	0.0225333
626.329	0.0386818
626.629	0.0225714
626.929	0.0306967
627.231	0.0228174
627.531	0.0617995
627.831	0.0303037
628.133	0.0305554
628.433	0.015448
628.732	0.0455894
629.034	0.0312089
629.334	0.0317824
629.634	0.0305465
629.936	0.0318229
630.236	0.0176246
630.536	0.0461929
630.838	0.0526367
631.138	0.0222226
631.438	0.0312933
631.737	0.0323557
632.039	0.0445785
632.339	0.00491532
632.639	0.032601
632.939	0.028271
633.241	0.0490392
633.54	0.0421601
633.84	0.0518095
634.14	0.0418921
634.442	0.0494901
634.742	0.0532698
635.041	0.0220393
635.341	0.0466355
635.641	0.0321177
635.942	0.0315539
636.242	0.0434466
636.542	0.0418474
636.841	0.0258825
637.141	0.0350862
637.443	0.0345373
637.742	0.0479803
638.042	0.037581
638.342	0.0267027
638.641	0.0137381
638.941	0.0326068
639.241	0.0559421
639.542	0.031794
639.842	0.0503392
640.141	0.0502859
640.441	0.0159458
640.74	0.0211171
641.04	0.0268212
641.34	0.0269355
641.639	0.0420581
641.939	0.033877
642.24	0.0460433
642.54	0.0241361
642.839	0.0189394
643.139	0.0489774
643.438	0.0488813
643.738	0.0221936
644.037	0.0214919
644.336	0.0464717
644.636	0.058047
644.935	0.0191098
645.235	0.019185
645.534	0.0284772
645.833	0.0306735
646.133	0.0433086
646.432	0.00370007
646.732	0.0297042
647.031	0.00939282
647.33	0.0240026
647.63	0.0282225
647.929	0.0289221
648.228	0.0403228
648.527	0.0379577
648.827	0.0346439
649.126	0.02419
649.425	0.0295714
649.725	0.0457339
650.024	0.036141
650.323	0.030499
650.622	0.0403345
650.919	0.0262558
651.219	0.0400791
651.518	0.0644492
651.817	0.00137879
652.116	0.0206124
652.415	0.0221739
652.715	0.0112268
653.014	0.0282765
653.313	0.0110792
653.61	0.0260506
653.909	0.0568009
654.208	0.0273053
654.507	0.0414509
654.806	0.0428464
655.106	0.0234107
655.405	0.0300537
655.702	0.0327332
656.001	0.0385672
656.3	0.0355201
656.599	0.0474442
656.898	0.0461908
657.195	0.0257573
657.315	0.0162033
657.62	0.0403396
657.923	0.03228
658.228	0.0322685
658.531	0.0403016
658.836	6.84133e-005
659.139	0.0644006
659.444	0.0322176
659.747	0.0241649
660.052	0.0402282
660.355	0.0402135
660.66	0.0321658
660.963	0.0401904
661.266	0.0482167
661.57	0.0321429
661.873	0.0241015
662.178	0.00802325
662.481	0.0401603
662.784	0.0240816
663.089	0.0642601
663.392	0.0240689
663.696	0.0321027
663.999	0.0401428
664.302	0.0481827
664.607	0.024051
664.909	0.024044
665.214	0.056206
665.517	-9.91714e-005
665.82	0.032059
666.124	0.0320494
666.427	0.0320404
666.73	0.0159512
667.035	0.0239834
667.337	0.0400561
667.64	0.0641703
667.945	0.0722056
668.247	0.0480783
668.55	0.0480724
668.853	0.0239415
669.157	0.00785086
669.46	0.0239266
669.762	0.0480401
670.067	0.023907
670.37	0.0480123
670.672	0.00781082
670.975	0.0319181
671.279	0.0319099
671.582	0.0318977
671.884	0.0238517
672.187	-0.000265174
672.491	0.0399078
672.794	0.0399016
673.096	0.0157829
673.399	0.0398727
673.703	0.0237939
674.006	0.0318049
674.308	0.0478353
674.611	-0.000319827
674.913	0.0397541
675.218	0.0237308
675.52	0.00769233
675.822	0.0559339
676.125	0.00767491
676.427	0.0157103
676.73	0.0157039
677.034	0.0317807
677.336	0.0478532
677.639	0.0397959
677.941	0.0397835
678.243	0.0478099
678.546	0.0236854
678.848	0.0397473
679.152	0.00759428
679.454	0.0397207
679.757	0.0316745
680.059	0.0477248
680.361	0.0637734
680.664	0.0396748
680.966	0.0396688
681.268	0.0396627
681.57	0.0557217
681.872	0.039655
682.175	0.0155511
682.479	0.0155456
682.781	0.0476874
683.083	0.0396515
683.385	0.0637755
683.687	0.031612
683.99	0.0316098
684.292	0.031606
684.594	0.0718303
684.896	0.0557333
685.198	0.031587
685.5	0.0235322
685.802	0.0476587
686.104	0.0315569
686.406	0.0637183
686.708	0.047621
687.01	0.039571
687.312	0.047608
687.614	0.0395594
687.916	0.0636861
688.218	0.039548
688.52	0.0234523
688.822	0.0154004
689.124	0.0395283
689.426	0.0314758
689.728	0.0314683
690.03	0.0314627
690.33	0.0475463
690.632	0.0555811
690.934	0.0636121
691.236	-0.000749932
691.537	0.031408
691.839	0.0233547
692.141	0.0153051
692.443	0.0313691
692.745	0.0152864
693.047	0.0233132
693.347	0.03134
693.648	0.0474033
693.95	0.111683
694.252	0.0313213
694.554	0.039354
694.855	0.0313128
695.157	0.047389
695.457	0.0473893
695.759	0.0313057
696.06	0.039348
696.362	0.0473925
696.664	0.0473917
696.966	0.0473898
697.265	0.0473868
697.567	0.0232344
697.869	0.0312766
698.17	0.0393184
698.472	0.031261
698.772	0.0151545
699.073	0.0392946
699.375	0.0392893
699.676	0.0634335
699.978	0.0392761
700.278	0.0392671
700.579	0.0312086
700.881	0.0312009
701.182	0.0150948
701.482	0.0633939
701.783	0.0472902
702.085	0.031183
702.384	0.0311796
702.686	0.0392315
702.987	0.0311721
703.289	0.0472826
703.588	0.0150466
703.89	0.0311579
704.191	0.0311527
704.491	0.0230872
704.792	0.0392029
705.094	0.0472593
705.393	0.0553187
705.694	0.0553155
705.996	0.0472442
706.295	0.079485
706.597	0.0230382
706.898	0.0472115
707.197	0.0310769
707.499	0.0230067
707.8	0.0149389
708.099	0.0310436
708.401	0.0552022
708.7	0.0471364
709.001	0.0390724
709.303	0.0551771
709.602	0.0229466
709.903	0.0471101
710.202	0.0309912
710.504	0.0632178
710.805	0.0712761
711.104	0.0470978
711.405	0.0229133
711.705	0.0309692
712.006	0.0309629
712.305	0.079332
712.606	0.0309517
712.905	0.0632055
713.206	0.0390115
713.508	0.0712829
713.807	0.0632244
714.108	0.0470904
714.407	0.0793842
714.708	0.0390156
715.007	0.0955488
715.308	0.0228573
715.607	0.0470824
715.908	0.0389949
716.207	0.0147543
716.508	0.0551206
716.808	0.0308821
717.107	0.0470114
717.408	0.0389217
717.707	0.0792384
718.008	0.0388873
718.307	0.0146808
718.608	0.0549832
718.907	0.0307828
719.208	0.05495
719.506	0.0468727
719.805	0.0549203
720.106	0.0549234
720.405	0.0468704
720.706	0.0468778
721.005	0.0710892
721.304	0.0630399
721.605	0.0469026
721.904	0.0388229
722.205	0.0388152
722.503	0.0710963
722.802	0.0468611
723.103	0.0307165
723.402	0.0468718
723.701	0.0388104
724.002	0.0468815
724.3	0.0630207
724.599	0.0468468
724.9	0.0306798
725.199	0.0710318
725.497	0.0467952
725.798	0.0629179
726.097	0.0467608
726.396	0.0628702
726.696	0.0547846
726.995	0.0144578
727.294	0.0305777
727.592	0.0305734
727.893	0.0628357
728.192	0.0628452
728.49	0.0547882
728.791	0.0467371
729.09	0.00635176
729.388	0.0225123
729.687	0.00633885
729.987	0.095281
730.286	0.0386725
730.585	0.0305785
730.883	0.0790902
731.182	0.0629026
731.482	0.0790548
731.781	0.0305329
732.079	0.0224393
732.378	0.0385919
732.676	0.054742
732.977	0.014331
733.275	0.0627949
733.574	0.0466267
733.872	0.0708528
734.171	0.0466136
734.469	0.0627706
734.77	0.0546926
735.068	0.0466139
735.367	0.0951247
735.665	0.0627891
735.964	0.0385276
736.262	0.0466106
736.56	0.0304348
736.861	0.0708832
737.159	0.0546959
737.457	0.0465956
737.756	0.0304043
738.054	0.0546585
738.352	0.0627262
738.651	0.046533
738.949	0.062677
739.247	0.0303322
739.546	0.0464715
739.844	0.038375
740.144	0.0383605
740.442	0.0625647
740.741	0.070632
741.039	0.0544841
741.337	0.0787092
741.635	0.0302566
741.934	0.0625647
742.232	0.0464072
742.53	0.0544967
742.828	0.0544986
743.126	0.0140764
743.424	0.0463917
743.723	0.0382982
744.021	0.062526
744.319	0.0705788
744.617	0.0140285
744.915	0.0544033
745.213	0.054394
745.511	0.0786136
745.809	0.0705293
746.107	0.05437
746.406	0.0785943
746.704	0.0624382
747	0.0301254
747.298	0.0462696
747.596	0.0785651
747.894	0.0947018
748.192	0.0623867
748.49	0.0462255
748.788	0.0300661
749.086	0.0462044
749.384	0.0542662
749.682	0.0300356
749.98	0.0380963
750.276	0.0461553
750.573	0.0622822
750.871	0.0380617
751.169	0.0461193
751.467	0.0299736
751.765	0.0945091
752.063	0.0622305
752.359	0.0783566
752.657	0.0864122
752.955	0.0379984
753.252	0.0621868
753.55	0.0783037
753.848	0.0460298
754.144	0.0540818
754.442	0.0782593
754.739	0.037934
755.037	0.0379256
755.335	0.0540426
755.631	0.0459725
755.928	0.0620923
756.226	0.0378971
756.524	0.0540166
756.82	0.0298193
757.117	0.0620635
757.415	0.0862433
757.713	0.053983
758.008	0.0378497
758.306	0.053968
758.604	0.0458982
758.901	0.0781435
759.197	0.0458832
759.495	0.0378114
759.792	0.045865
760.09	0.078104
760.386	0.0539077
760.683	0.0619593
760.981	0.0538886
761.276	0.0538806
761.574	0.0296899
761.872	0.0699915
762.167	0.0538622
762.465	0.0538559
762.762	-0.00258644
763.058	0.0780285
763.355	0.0538303
763.653	0.0618798
763.948	0.0618723
764.246	0.0215588
764.541	0.0296136
764.839	0.013485
765.136	0.0537799
765.431	0.0779449
765.729	0.0457239
766.026	0.0618454
766.322	0.00538025
766.619	0.0537107
766.914	0.0456762
767.212	0.029526
767.507	0.0536571
767.805	0.0375378
768.102	0.0777824
768.397	0.0616752
768.695	0.077761
768.99	0.045548
769.287	0.0696715
769.583	0.0776931
769.88	0.0374576
770.175	0.0535389
770.472	0.0535321
770.768	0.0696103
771.065	0.0374266
771.36	0.0695917
771.657	0.0454529
771.953	0.0213201
772.25	0.0454663
772.545	0.0535229
772.842	0.0535259
773.138	0.0535237
773.435	0.0454462
773.73	0.0454279
774.027	0.0695661
774.322	0.0615076
774.619	0.0293052
774.914	0.0534395
775.21	0.0292879
775.507	0.0695158
775.802	0.045365
776.099	0.0453548
776.394	0.0533895
776.691	0.0694676
776.986	0.0774985
777.281	0.0774854
777.578	0.0292126
777.873	0.0452907
778.17	0.0452825
778.465	0.0291883
778.76	0.0533102
779.057	0.0291719
779.352	0.045248
779.647	0.0774127
779.944	0.053285
780.239	0.0532901
780.534	0.0774636
780.831	0.0774865
781.126	0.0452809
781.421	0.0372244
781.718	0.0291622
782.013	0.0613952
782.308	0.0613854
782.605	0.0694199
782.899	0.0371672
783.194	0.0612934
783.489	0.0451507
783.786	0.0772928
784.081	0.0451194
784.376	0.020989
784.672	0.0451104
784.967	0.0290261
785.262	0.0612061
785.557	0.0129239
785.854	0.0451089
786.148	0.0692568
786.443	0.0692638
786.738	0.0692727
787.033	0.0290083
787.329	0.0612349
787.624	0.0854143
787.919	0.0531732
788.214	0.0128745
788.508	0.0451033
788.805	0.0450954
789.1	0.0531452
789.394	0.0611932
789.689	0.0611811
789.984	0.0611683
790.28	0.0692106
790.575	0.0289178
790.869	0.0289053
791.164	0.0449954
791.459	0.0127759
791.753	0.0610501
792.048	0.0288448
792.342	0.0529619
792.639	0.0449012
792.933	0.0529264
793.228	0.0287925
793.523	0.0689743
793.817	0.0448462
794.112	0.0528714
794.406	0.0528603
794.701	0.0608872
794.995	0.0608801
795.29	0.060877
795.584	0.0528389
795.88	0.0448011
796.175	0.0367626
796.469	0.0769827
796.764	0.0448173
797.058	0.0287279
797.353	0.0609345
797.647	0.0448351
797.941	0.0287268
798.236	0.0528951
798.53	0.03678
798.824	0.0448367
799.119	0.069014
799.413	0.0206472
799.707	0.0448226
800.002	0.028693
800.296	0.0609252
800.59	0.0689719
800.885	0.0447818
801.179	0.036712
801.473	0.0447597
801.768	0.0608655
802.062	0.0447439
802.354	0.060854
802.648	-0.00361796
802.943	0.012491
803.237	0.0527695
803.531	0.0366439
803.825	0.0608023
804.119	0.0607915
804.414	0.0446709
804.708	0.0607744
805.002	0.0366012
805.296	0.0446517
805.588	0.0527043
805.882	0.0365911
806.176	0.0688491
806.47	0.0527221
806.765	0.0769099
807.059	0.0527121
807.353	0.0365782
807.645	0.0688314
807.939	0.0526986
808.233	0.0123657
808.527	0.0365568
808.821	0.0526766
809.115	0.0526588
809.407	0.0365142
809.701	0.0445594
809.995	0.0364848
810.289	0.0364714
810.583	0.0525718
810.875	0.0606143
811.169	-0.00383848
811.463	0.0364294
811.757	0.0525341
812.049	0.0041944
812.343	0.0364186
812.637	0.0444803
812.931	0.0606109
813.222	0.0364296
813.516	0.0606479
813.81	0.0687464
814.104	0.0283791
814.396	0.0606703
814.69	0.0525833
814.984	0.0606458
815.277	0.036416
815.569	0.0121873
815.863	0.052551
816.157	0.0606185
816.449	0.0606123
816.742	0.0202326
817.036	0.0525248
817.328	0.0363678
817.622	0.0363602
817.915	0.060577
818.207	0.0363444
818.501	0.0363369
818.795	0.0524791
819.086	0.0443963
819.38	0.0605376
819.672	0.0524539
819.965	0.052444
820.259	0.0362859
820.551	0.0604962
820.844	0.0604844
821.136	0.0281818
821.43	0.0362396
821.723	0.028157
822.015	0.0200776
822.309	0.0200679
822.6	0.0281253
822.894	0.0442486
823.185	0.0523066
823.479	0.0361674
823.772	0.0280945
824.064	0.0442215
824.357	0.0280814
824.649	0.0442106
824.943	0.0280697
825.234	0.0522717
825.528	0.068408
825.819	0.0603345
826.112	0.0199746
826.404	0.0441715
826.697	0.044164
826.989	0.0280203
827.282	0.0602946
827.574	0.03608
827.867	0.0280601
828.159	0.0442539
828.452	-0.020271
828.743	0.0362836
829.035	0.0605519
829.328	0.0283109
829.62	0.0445067
829.913	0.0607026
830.204	0.0284624
830.498	0.0608237
830.789	0.0204967
831.08	0.0690512
831.374	0.0529396
831.665	0.0368145
831.958	0.020697
832.249	0.0288234
832.541	0.0531102
832.834	0.0370037
833.125	0.0128144
833.419	0.0613665
833.71	0.0452579
834.001	0.045319
834.294	0.0211088
834.585	0.029247
834.877	0.0373913
835.17	0.0617197
835.461	0.0132222
835.752	0.0132714
836.045	0.00522826
836.336	0.0619185
836.628	0.0296002
836.921	0.0215563
837.212	0.0539644
837.503	0.029732
837.794	0.00551739
838.087	0.0378869
838.378	-0.00246748
838.669	0.0460542
838.961	0.0541784
839.254	0.038069
839.545	0.0542709
839.836	0.0543314
840.127	-0.00217404
840.42	0.0625112
840.711	0.0302425
841.002	0.0141324
841.293	0.0222623
841.586	0.0384734
841.877	0.0385224
842.168	0.0385692
842.459	0.0628639
842.75	0.0548391
843.042	0.0549004
843.333	0.0226189
843.624	0.0145836
843.915	0.030807
844.206	0.0389398
844.497	0.0389811
844.79	0.0309372
845.081	0.0228999
845.372	0.0552678
845.663	0.0149147
845.953	0.0311246
846.244	0.0311672
846.535	0.0715949
846.828	0.0231785
847.119	0.0555205
847.409	0.0313424
847.7	0.0475321
847.991	0.0314423
848.282	0.0153448
848.573	0.0153943
848.863	0.0558154
849.154	0.0397162
849.445	0.0316912
849.736	0.0317408
850.026	0.0398649
850.319	0.0641376
850.61	0.0641831
850.9	0.04808
851.191	0.0319782
851.482	0.0239516
851.772	0.0482089
852.063	0.0563168
852.354	0.0240841
852.644	0.0160613
852.935	0.0483506
853.226	0.0242117
853.516	0.016199
853.807	0.0323581
854.097	0.0646232
854.388	0.0405032
854.679	0.0324961
854.969	0.040598
855.26	0.0245406
855.55	0.0568084
855.839	0.0246404
856.129	0.0327458
856.42	0.0408528
856.71	0.0731306
857.001	0.0248423
857.291	0.0490665
857.582	0.0168851
857.872	0.0249939
858.163	0.0169845
858.453	0.0331539
858.744	0.0170835
859.034	0.0332532
859.322	0.0494221
859.613	0.0172297
859.903	0.0172782
860.194	0.00926732
860.484	0.0334955
860.774	0.017425
861.065	0.025533
861.353	0.0336383
861.644	0.00145312
861.934	0.0337262
862.224	0.0257136
862.515	0.033807
862.805	0.00165228
863.093	0.0580296
863.383	0.0500232
863.674	0.0178886
863.964	0.0259778
864.254	0.0340642
864.543	0.0341082
864.833	0.0180756
865.123	0.0181225
865.413	0.00209729
865.701	0.0262519
865.992	0.0504005
866.282	0.0183117
866.572	0.0263929
866.86	0.0184098
867.15	0.0345279
867.441	0.0104749
867.731	0.0265943
868.019	0.0186089
868.309	0.0186585
868.599	0.0428174
868.887	0.0428677
869.177	0.0348806
869.468	0.0349302
869.756	0.0269422
870.046	0.026991
870.336	0.00292823
870.626	0.0270865
870.914	0.0753409
871.204	0.0673436
871.492	0.0513186
871.782	0.0272682
872.072	0.0353451
872.36	0.0434212
872.65	0.0113516
872.94	0.0435155
873.228	0.0756795
873.518	0.00346932
873.806	0.0195766
874.096	0.0115964
874.386	0.0357333
874.674	0.0197228
874.964	0.0117425
875.252	0.0358745
875.542	0.0439481
875.831	0.0279409
876.119	0.0199618
876.409	0.0360582
876.697	0.0521498
876.987	0.044171
877.275	0.0522375
877.565	0.0282197
877.853	0.0443064
878.142	0.0684084
878.43	0.0363774
878.72	0.0203882
879.008	0.0364669
879.298	0.0204822
879.585	0.0445695
879.875	0.0366014
880.163	0.0366474
880.453	0.0366946
880.741	0.0367422
881.03	0.00474803
881.318	0.0448492
881.608	0.036887
881.895	0.0369359
882.185	0.0209642
882.473	0.0450444
882.762	0.0450944
883.05	0.0131011
883.338	0.053208
883.628	0.0532624
883.915	0.0453039
884.205	0.0373436
884.492	0.0694563
884.78	0.0374451
885.07	0.0294794
885.357	0.0455636
885.647	0.0375988
885.934	0.00557602
886.222	0.037703
886.512	0.0297355
886.799	0.053854
887.087	0.0298396
887.376	0.00581826
887.664	0.0219174
887.953	0.0299924
888.241	-0.0100878
888.528	0.0300919
888.816	0.0221147
889.105	0.00611106
889.393	0.0302346
889.68	0.0383049
889.97	0.014282
890.257	0.0544457
890.545	0.0384479
890.834	0.0384967
891.121	0.0305229
891.409	0.00650337
891.696	0.0707384
891.986	0.0467194
892.273	0.022698
892.56	0.0227478
892.848	0.0388485
893.137	0.0308739
893.424	0.038952
893.712	0.0068926
893.999	0.0229986
894.288	0.0391081
894.576	0.023099
894.863	0.0552697
895.15	0.0231968
895.438	-0.00887468
895.727	0.0232923
896.014	0.023339
896.302	0.047467
896.589	0.0234344
896.876	0.0475548
897.163	0.0475963
897.452	0.0235735
897.74	0.00758048
898.027	0.0316842
898.314	0.0237135
898.601	0.0237499
898.888	0.0234614
899.176	0.0394056
899.463	0.0318027
899.752	0.0472299
900.039	0.0166474
900.326	0.0227342
900.613	0.0324375
900.9	0.0480052
901.188	0.0480249
901.475	0.0166352
901.762	0.024371
902.049	0.0306392
902.336	0.0159376
902.623	0.0343429
902.91	0.0335332
903.197	0.0380422
903.486	0.0307418
903.773	0.0315367
904.06	0.0122977
904.347	0.0264494
904.634	0.0290607
904.921	0.0397463
905.208	0.0293786
905.495	0.029368
905.782	0.042448
906.069	0.011894
906.356	0.0180307
906.643	0.0268586
906.93	0.0345515
907.217	0.00522311
907.502	0.0169656
907.789	0.0146874
908.076	0.0282301
908.362	0.037134
908.649	0.0194292
908.936	0.0160261
909.223	0.0311826
909.51	0.0401924
909.797	0.0217495
910.083	0.0125307
910.37	0.0330123
910.657	0.0310478
910.944	0.0280476
911.229	0.0157886
911.516	0.0204149
911.802	0.0169945
912.089	0.0301127
912.376	0.0240544
912.663	0.0445605
912.949	0.0363331
913.236	0.0204915
913.521	0.0349996
913.807	0.0236417
914.094	0.0157289
914.381	0.0198554
914.668	0.0360734
914.954	0.0285514
915.239	0.0363576
915.526	0.020253
915.812	0.0371487
916.099	0.0178405
916.385	0.0306557
916.67	0.0319191
916.957	0.0420421
917.243	0.0154808
917.53	0.0381471
917.815	0.0318274
918.101	0.0459908
918.388	0.0550193
918.674	0.0327055
918.959	0.0302066
919.245	0.0326166
919.532	0.0364075
919.818	0.0314529
920.103	0.0239857
920.389	0.0217684
920.676	0.0419852
920.961	0.0448347
921.247	0.0285271
921.533	0.0418492
921.818	0.05962
922.104	0.0538717
922.391	0.0286561
922.675	0.0314016
922.962	0.0285162
923.248	0.0222319
923.533	0.0376841
923.819	0.0318462
924.105	0.0211545
924.39	0.0126872
924.676	0.0193553
924.962	0.0379976
925.247	0.0464755
925.533	0.023919
925.818	0.040425
926.104	0.0327447
926.39	0.0264892
926.674	0.0295515
926.961	0.0319894
927.245	0.0352968
927.531	0.0269572
927.816	0.0164835
928.102	0.0346006
928.388	0.0144945
928.672	0.0295814
928.959	0.0445778
929.243	0.0448116
929.529	0.0289261
929.819	0.0289221
930.109	0.0611108
930.401	0.0208625
930.691	0.0369474
930.981	0.028894
931.271	-0.00328589
931.563	0.0288825
931.854	0.0449624
932.143	0.0288741
932.433	0.0449551
932.724	0.0208276
933.015	0.0449561
933.305	0.0369155
933.595	0.0288731
933.885	0.0288753
934.175	0.0369265
934.465	0.044981
934.757	0.0127807
935.047	0.028887
935.337	0.0530519
935.627	0.0449972
935.917	0.02083
936.207	0.0369373
936.496	0.0369337
936.786	0.0449843
937.078	0.0127624
937.368	0.012759
937.658	0.0449697
937.948	0.0369114
938.237	0.0127485
938.527	0.0207975
938.817	0.0530062
939.107	0.012741
939.397	0.0368963
939.686	0.0691007
939.976	0.00467854
940.266	0.0449319
940.558	0.0288243
940.847	0.028819
941.137	0.0207642
941.427	0.00466246
941.716	0.00465858
942.006	0.0207465
942.296	0.0207411
942.585	0.0287793
942.875	0.0287726
943.165	0.0126829
943.454	-0.0114426
943.744	0.0126731
944.034	0.0608912
944.323	0.044809
944.613	0.0206959
944.903	0.012657
945.192	0.0528339
945.482	0.0126522
945.771	0.0287236
946.061	0.0447985
946.348	0.0689184
946.638	0.0206868
946.927	0.0367665
947.217	0.0287241
947.507	0.0367626
947.796	0.0206785
948.086	0.0608828
948.375	0.0769651
948.664	0.0206718
948.954	0.0287105
949.243	0.0126231
949.533	0.0367383
949.82	0.0286933
950.11	0.0688795
950.399	0.0367188
950.689	0.0286748
950.978	0.0688443
951.267	0.0286608
951.557	0.036686
951.844	0.0286453
952.134	0.060756
952.423	0.0446843
952.712	0.0205925
953.002	0.0205848
953.291	0.0285985
953.578	0.0125475
953.868	0.028577
954.157	0.0365863
954.446	0.0125332
954.735	0.0285633
955.023	0.0526146
955.312	0.020547
955.601	0.028569
955.891	0.0606587
956.178	0.0125271
956.467	0.0526447
956.756	0.0446226
957.045	0.00449722
957.335	0.0125205
957.622	0.0526483
957.911	0.0285681
958.2	0.0446184
958.487	0.0044838
958.777	0.0125066
959.066	0.0125028
959.355	0.0365711
959.642	0.0285374
959.931	-0.0035541
960.22	0.0605909
960.507	0.0365257
960.797	0.0445318
961.086	0.0525365
961.373	0.0445143
961.662	0.0445072
961.951	0.0445012
962.238	0.0124501
962.527	0.0284698
962.816	0.0685243
963.103	0.0444884
963.392	0.0284636
963.681	0.0444872
963.968	0.0364699
964.257	0.0284541
964.544	0.020439
964.833	0.0284466
965.122	0.0124208
965.409	0.044458
965.698	0.0204226
965.985	0.028426
966.274	0.0124045
966.563	0.0204088
966.85	0.0604432
967.138	0.0444256
967.425	0.0203997
967.714	0.0203953
968.001	0.0364017
968.29	0.0443995
968.579	0.0443917
968.866	0.0283785
969.155	0.0283741
969.441	0.0283708
969.73	0.044373
970.017	0.0443695
970.306	0.0283602
970.593	0.0523573
970.881	0.0683467
971.168	0.0363393
971.457	0.0523323
971.744	0.0603294
972.032	0.0203344
972.319	0.0603323
972.608	0.0443277
972.895	0.0363222
973.181	0.0123218
973.47	0.0283107
973.757	0.0283027
974.045	0.0602705
974.332	0.0762435
974.621	0.0282811
974.907	0.0602381
975.194	0.0682186
975.483	0.0682083
975.769	0.06021
976.058	0.0282496
976.345	0.0282434
976.631	0.0442121
976.92	-0.00370557
977.206	0.060176
977.495	0.0521919
977.782	0.028236
978.068	0.0442151
978.357	0.0522116
978.643	0.0522181
978.93	0.0602122
979.218	0.0602135
979.505	0.0602139
979.791	0.0442241
980.08	0.0282318
980.366	0.0521961
980.653	0.0361998
980.941	0.0441825
981.228	0.0601602
981.514	0.0362004
981.803	0.0362011
982.089	0.0441662
982.376	0.0361609
982.664	0.0441398
982.95	0.0042201
983.237	0.0601072
983.523	0.044139
983.812	0.0281689
984.098	0.0281685
984.384	0.076089
984.671	0.0361559
984.959	0.0441458
985.245	0.044148
985.532	0.0361674
985.818	0.044163
986.104	0.0441654
986.393	0.0841402
986.679	0.084146
986.965	0.0601583
987.251	0.0201763
987.538	0.0281685
987.826	0.0521546
988.112	0.0521499
988.398	0.0361478
988.685	0.0681238
988.971	0.0521328
989.257	0.0521415
989.545	0.0601465
989.832	0.0361735
990.118	0.0602192
990.404	0.0282017
990.69	0.0681654
990.976	0.0441008
991.262	0.0521054
991.551	0.100084
991.837	0.0201294
992.123	0.0201265
992.409	0.0361081
992.695	0.076073
992.981	0.0520887
993.267	0.0840599
993.553	0.036097
993.839	0.0680721
994.125	0.0360955
994.412	0.0360956
994.698	0.0121084
994.986	0.012107
995.272	0.0440964
995.558	0.0520975
995.844	0.0281021
996.13	0.0761051
996.416	0.0441052
996.702	0.0761137
996.988	0.0601098
997.274	0.0841176
997.56	0.036103
997.846	0.0361048
998.131	0.0681246
998.417	0.0761251
998.703	0.0200852
998.989	0.052087
999.275	0.0600784
999.561	0.0440697
999.847	0.0360653
